 nmodes=            2  nfields=            2  max_plot=          289
 ky=   5.0901199089570678E-002   width=    1.000000000000000     
 theta     ((Re(field_i), Im(field_i),i=(1,nfields)),j=1,nmodes)
Tearing metric:  [   0.439812E-003   0.360036E-002   0.199813E+001   0.218091E-002 ]
DEP: [   0.362975E-003  -0.133498E-006   0.000000E+000   0.000000E+000]
chi_th: [  -0.526268E+001   0.702282E+005   0.000000E+000   0.000000E+000]
chi_i: [  -0.750232E+002   0.149266E+006   0.000000E+000   0.000000E+000]
chi_i_cond: [  -0.309020E+002   0.151324E+006   0.000000E+000   0.000000E+000]
chi_e: [   0.847757E+002  -0.476693E+003   0.000000E+000   0.000000E+000]
chi_e_cond: [   0.164433E+002   0.157288E+004   0.000000E+000   0.000000E+000]
i_QL_cond_flux: [  -0.261614E-004   0.128110E+000   0.000000E+000   0.000000E+000]
e_QL_cond_flux: [   0.164433E-004   0.157288E-002   0.000000E+000   0.000000E+000]
QL_ratio: [   0.614915E+003  -0.465226E-003             NaN             NaN]
EP QL convective fraction: [   0.565705E+000   0.561586E-001             NaN             NaN]
<theta^2>: [   0.152767E+001   0.378041E+002   0.334525E+002   0.381896E+002]
 Mode kept T/F for each mode:    T  F  F  F
 Theta      Re(phi)        Im(phi)        Re(B_per)        Im(B_per)
-28.274330  -0.749937E-145   0.197087E-144  -0.463366E-145  -0.414133E-145
-28.110998  -0.873070E-143   0.229543E-142  -0.536079E-143  -0.478999E-143
-27.944287  -0.115093E-140   0.302730E-140  -0.702101E-141  -0.627174E-141
-27.770195  -0.204746E-138   0.538807E-138  -0.124029E-138  -0.110761E-138
-27.583313  -0.612464E-136   0.161264E-135  -0.368119E-136  -0.328628E-136
-27.375591  -0.413286E-133   0.108890E-132  -0.246151E-133  -0.219659E-133
-27.135596  -0.885773E-130   0.233566E-129  -0.521818E-130  -0.465431E-130
-26.858699  -0.545908E-126   0.144087E-125  -0.317519E-126  -0.283045E-126
-26.581372  -0.181757E-122   0.480180E-122  -0.104436E-122  -0.930443E-123
-26.342926  -0.841500E-120   0.222480E-119  -0.478982E-120  -0.426544E-120
-26.138704  -0.807800E-118   0.213694E-117  -0.456531E-118  -0.406411E-118
-25.955700  -0.301904E-116   0.799025E-116  -0.169646E-116  -0.150979E-116
-25.784787  -0.674677E-115   0.178635E-114  -0.377232E-115  -0.335641E-115
-25.620036  -0.118614E-113   0.314178E-113  -0.660137E-114  -0.587219E-114
-25.457622  -0.194295E-112   0.514836E-112  -0.107640E-112  -0.957283E-113
-25.295399  -0.322593E-111   0.855134E-111  -0.177891E-111  -0.158168E-111
-25.132741  -0.548416E-110   0.145434E-109  -0.300994E-110  -0.267557E-110
-24.970077  -0.918822E-109   0.243763E-108  -0.501903E-109  -0.446036E-109
-24.807847  -0.146118E-107   0.387812E-107  -0.794421E-108  -0.705820E-108
-24.645452  -0.222889E-106   0.591815E-106  -0.120615E-106  -0.107137E-106
-24.480775  -0.353676E-105   0.939486E-105  -0.190475E-105  -0.169146E-105
-24.310021  -0.683773E-104   0.181720E-103  -0.366345E-104  -0.325232E-104
-24.127302  -0.206495E-102   0.549088E-102  -0.109967E-102  -0.975941E-103
-23.923544  -0.141722E-100   0.377119E-100  -0.749009E-101  -0.664451E-101
-23.685822  -0.373573E-098   0.995040E-098  -0.195428E-098  -0.173266E-098
-23.409130  -0.496785E-095   0.132498E-094  -0.256395E-095  -0.227141E-095
-23.131627  -0.945117E-092   0.252447E-091  -0.480702E-092  -0.425484E-092
-22.890946  -0.604839E-089   0.161774E-088  -0.303693E-089  -0.268596E-089
-22.682768  -0.127848E-086   0.342353E-086  -0.634944E-087  -0.561178E-087
-22.495591  -0.125381E-084   0.336098E-084  -0.616748E-085  -0.544760E-085
-22.321318  -0.748590E-083   0.200865E-082  -0.365036E-083  -0.322245E-083
-22.154509  -0.330169E-081   0.886756E-081  -0.159683E-081  -0.140887E-081
-21.991145  -0.124498E-079   0.334683E-079  -0.597314E-080  -0.526719E-080
-21.827812  -0.453904E-078   0.122138E-077  -0.216021E-078  -0.190384E-078
-21.661102  -0.180129E-076   0.485191E-076  -0.850080E-077  -0.748752E-077
-21.487010  -0.886825E-075   0.239140E-074  -0.414734E-075  -0.365062E-075
-21.300127  -0.637238E-073   0.172056E-072  -0.294997E-073  -0.259473E-073
-21.092406  -0.828663E-071   0.224084E-070  -0.379091E-071  -0.333146E-071
-20.852411  -0.249550E-068   0.676107E-068  -0.112541E-068  -0.987933E-069
-20.575514  -0.159634E-065   0.433492E-065  -0.707957E-066  -0.620649E-066
-20.298187  -0.626525E-063   0.170525E-062  -0.273436E-063  -0.239400E-063
-20.059741  -0.562790E-061   0.153460E-060  -0.242578E-061  -0.212160E-061
-19.855518  -0.157585E-059   0.430312E-059  -0.672844E-060  -0.587993E-060
-19.672514  -0.219868E-058   0.601091E-058  -0.931650E-059  -0.813616E-059
-19.501602  -0.209784E-057   0.574119E-057  -0.883054E-058  -0.770721E-058
-19.336850  -0.167368E-056   0.458489E-056  -0.700167E-057  -0.610757E-057
-19.174437  -0.126292E-055   0.346306E-055  -0.525117E-056  -0.457805E-056
-19.012214  -0.957969E-055   0.262951E-054  -0.395858E-055  -0.344916E-055
-18.849556  -0.735681E-054   0.202147E-053  -0.302086E-054  -0.263055E-054
-18.686892  -0.556421E-053   0.153055E-052  -0.227029E-053  -0.197575E-053
-18.524662  -0.403475E-052   0.111104E-051  -0.163587E-052  -0.142277E-052
-18.362267  -0.282657E-051   0.779196E-051  -0.113883E-051  -0.989866E-052
-18.197589  -0.202704E-050   0.559425E-050  -0.811432E-051  -0.704842E-051
-18.026836  -0.166430E-049   0.459891E-049  -0.661571E-050  -0.574262E-050
-17.844117  -0.186288E-048   0.515530E-048  -0.734473E-049  -0.637009E-049
-17.640359  -0.369058E-047   0.102328E-046  -0.144013E-047  -0.124768E-047
-17.402637  -0.185538E-045   0.515808E-045  -0.713994E-046  -0.617658E-046
-17.125945  -0.281327E-043   0.784986E-043  -0.106277E-043  -0.917490E-044
-16.848442  -0.524870E-041   0.147067E-040  -0.194330E-041  -0.167376E-041
-16.607761  -0.443927E-039   0.124869E-038  -0.161456E-039  -0.138764E-039
-16.399583  -0.170772E-037   0.482007E-037  -0.611710E-038  -0.524738E-038
-16.212406  -0.381315E-036   0.107964E-035  -0.134771E-036  -0.115410E-036
-16.038133  -0.598399E-035   0.169927E-034  -0.208926E-035  -0.178623E-035
-15.871323  -0.754876E-034   0.214977E-033  -0.260526E-034  -0.222390E-034
-15.707960  -0.845911E-033   0.241598E-032  -0.288654E-033  -0.246014E-033
-15.544627  -0.914473E-032   0.261964E-031  -0.308494E-032  -0.262494E-032
-15.377916  -0.103068E-030   0.296207E-030  -0.343551E-031  -0.291811E-031
-15.203824  -0.131679E-029   0.379799E-029  -0.433256E-030  -0.367291E-030
-15.016942  -0.211075E-028   0.611356E-028  -0.684411E-029  -0.578896E-029
-14.809220  -0.483910E-027   0.140878E-026  -0.154242E-027  -0.130106E-027
-14.569225  -0.183180E-025   0.536764E-025  -0.571849E-026  -0.480690E-026
-14.292329  -0.106124E-023   0.313507E-023  -0.323258E-024  -0.270559E-024
-14.015001  -0.428157E-022   0.127545E-021  -0.127358E-022  -0.106129E-022
-13.776556  -0.667859E-021   0.200329E-020  -0.194999E-021  -0.161910E-021
-13.572333  -0.500045E-020   0.150819E-019  -0.143942E-020  -0.119177E-020
-13.389329  -0.242390E-019   0.734448E-019  -0.689757E-020  -0.569728E-020
-13.218416  -0.926350E-019   0.281850E-018  -0.260971E-019  -0.215100E-019
-13.053665  -0.315593E-018   0.964044E-018  -0.880753E-019  -0.724465E-019
-12.891251  -0.103197E-017   0.316511E-017  -0.285325E-018  -0.234212E-018
-12.729028  -0.335681E-017   0.103391E-016  -0.919322E-018  -0.753017E-018
-12.566371  -0.109031E-016   0.337313E-016  -0.295701E-017  -0.241666E-017
-12.403707  -0.347927E-016   0.108137E-015  -0.934353E-017  -0.761842E-017
-12.241477  -0.107421E-015   0.335446E-015  -0.285654E-016  -0.232363E-016
-12.079081  -0.322360E-015   0.101154E-014  -0.848825E-016  -0.688799E-016
-11.914404  -0.971254E-015   0.306342E-014  -0.253163E-015  -0.204911E-015
-11.743651  -0.312337E-014   0.990838E-014  -0.805163E-015  -0.649847E-015
-11.560931  -0.117623E-013   0.375762E-013  -0.299303E-014  -0.240739E-014
-11.357174  -0.593024E-013   0.191214E-012  -0.148428E-013  -0.118847E-013
-11.119452  -0.476411E-012   0.155677E-011  -0.116589E-012  -0.927551E-013
-10.842759  -0.642315E-011   0.214004E-010  -0.152494E-011  -0.120208E-011
-10.565257  -0.879655E-010   0.300084E-009  -0.201941E-010  -0.157451E-010
-10.324576  -0.746767E-009   0.260806E-008  -0.166306E-009  -0.128292E-009
-10.116397  -0.407082E-008   0.145380E-007  -0.882923E-009  -0.674406E-009
 -9.929221  -0.163992E-007   0.598449E-007  -0.347363E-008  -0.262853E-008
 -9.754948  -0.540822E-007   0.201668E-006  -0.112063E-007  -0.840259E-008
 -9.588138  -0.156207E-006   0.595631E-006  -0.316890E-007  -0.235415E-007
 -9.424774  -0.413818E-006   0.161604E-005  -0.821932E-007  -0.604724E-007
 -9.261442  -0.103984E-005   0.416980E-005  -0.202076E-006  -0.147125E-006
 -9.094731  -0.254424E-005   0.105197E-004  -0.483003E-006  -0.347544E-006
 -8.920639  -0.619352E-005   0.265771E-004  -0.114554E-005  -0.812977E-006
 -8.733757  -0.152608E-004   0.686870E-004  -0.273795E-005  -0.191033E-005
 -8.526035  -0.383608E-004   0.184450E-003  -0.662783E-005  -0.452259E-005
 -8.286040  -0.959780E-004   0.509999E-003  -0.157739E-004  -0.104343E-004
 -8.009144  -0.209670E-003   0.130631E-002  -0.321239E-004  -0.203426E-004
 -7.731816  -0.317521E-003   0.246881E-002  -0.441697E-004  -0.266070E-004
 -7.493371  -0.338201E-003   0.335979E-002  -0.409929E-004  -0.237333E-004
 -7.289148  -0.302421E-003   0.380271E-002  -0.291609E-004  -0.167049E-004
 -7.106144  -0.257626E-003   0.393466E-002  -0.159172E-004  -0.980230E-005
 -6.935231  -0.229646E-003   0.388946E-002  -0.447619E-005  -0.460261E-005
 -6.770480  -0.233087E-003   0.375197E-002   0.391406E-005  -0.154161E-005
 -6.608066  -0.280291E-003   0.358246E-002   0.857491E-005  -0.712562E-006
 -6.445843  -0.381757E-003   0.343834E-002   0.921959E-005  -0.189908E-005
 -6.283185  -0.539764E-003   0.337451E-002   0.650057E-005  -0.431821E-005
 -6.120521  -0.742535E-003   0.342201E-002   0.237102E-005  -0.666165E-005
 -5.958291  -0.969131E-003   0.356969E-002  -0.583092E-006  -0.772013E-005
 -5.795896  -0.120380E-002   0.377406E-002  -0.329310E-006  -0.704921E-005
 -5.631219  -0.144873E-002   0.398380E-002   0.410227E-005  -0.513528E-005
 -5.460466  -0.173556E-002   0.415301E-002   0.127766E-004  -0.342553E-005
 -5.277746  -0.215632E-002   0.424737E-002   0.247643E-004  -0.486944E-005
 -5.073988  -0.295473E-002   0.428175E-002   0.382383E-004  -0.143457E-004
 -4.836267  -0.467301E-002   0.433981E-002   0.601342E-004  -0.321137E-004
 -4.559574  -0.769981E-002   0.354698E-002   0.131341E-003  -0.352270E-004
 -4.282071  -0.107722E-001  -0.336770E-003   0.198875E-003  -0.281796E-004
 -4.041390  -0.128019E-001  -0.447215E-002   0.160933E-003  -0.240254E-004
 -3.833212  -0.138000E-001  -0.687365E-002   0.122366E-003   0.123003E-006
 -3.646036  -0.141467E-001  -0.881892E-002   0.118573E-003   0.206882E-004
 -3.471762  -0.142787E-001  -0.108901E-001   0.110053E-003   0.251765E-004
 -3.304953  -0.143353E-001  -0.127993E-001   0.856821E-004   0.300236E-004
 -3.141589  -0.142049E-001  -0.144397E-001   0.690248E-004   0.490605E-004
 -2.978256  -0.137759E-001  -0.162298E-001   0.771275E-004   0.757168E-004
 -2.811546  -0.130414E-001  -0.187095E-001   0.930821E-004   0.981171E-004
 -2.637454  -0.118348E-001  -0.219171E-001   0.843203E-004   0.131446E-003
 -2.450572  -0.926012E-002  -0.253870E-001   0.628478E-004   0.220355E-003
 -2.242850  -0.353464E-002  -0.294214E-001   0.886876E-004   0.375055E-003
 -2.002855   0.808574E-002  -0.351358E-001   0.687344E-004   0.656714E-003
 -1.725958   0.353920E-001  -0.399540E-001  -0.854970E-004   0.147475E-002
 -1.448631   0.885368E-001  -0.438918E-001  -0.238197E-003   0.306564E-002
 -1.210185   0.173392E+000  -0.445420E-001  -0.962350E-003   0.655254E-002
 -1.005962   0.295648E+000  -0.389283E-001  -0.193142E-002   0.112030E-001
 -0.822958   0.442207E+000  -0.301044E-001  -0.263368E-002   0.150336E-001
 -0.652046   0.596765E+000  -0.208427E-001  -0.290662E-002   0.169071E-001
 -0.487294   0.746117E+000  -0.125065E-001  -0.273583E-002   0.163283E-001
 -0.324881   0.875795E+000  -0.585503E-002  -0.214070E-002   0.130793E-001
 -0.162658   0.966823E+000  -0.151567E-002  -0.118113E-002   0.733493E-002
  0.000000   0.100000E+001  -0.206401E-015   0.126040E-006  -0.153501E-005
  0.162664   0.966794E+000  -0.151497E-002   0.118144E-002  -0.733815E-002
  0.324894   0.875732E+000  -0.585437E-002   0.214105E-002  -0.130824E-001
  0.487289   0.746043E+000  -0.125055E-001   0.273610E-002  -0.163304E-001
  0.651967   0.596741E+000  -0.208385E-001   0.290682E-002  -0.169085E-001
  0.822720   0.442317E+000  -0.300920E-001   0.263435E-002  -0.150374E-001
  1.005439   0.295947E+000  -0.389064E-001   0.193371E-002  -0.112141E-001
  1.209197   0.173832E+000  -0.445278E-001   0.966617E-003  -0.657152E-002
  1.446919   0.889764E-001  -0.439138E-001   0.240745E-003  -0.308103E-002
  1.723611   0.357158E-001  -0.399829E-001   0.862813E-004  -0.148413E-002
  2.001114   0.819871E-002  -0.351762E-001  -0.678538E-004  -0.659775E-003
  2.241795  -0.349454E-002  -0.294446E-001  -0.889201E-004  -0.375840E-003
  2.449973  -0.924789E-002  -0.253973E-001  -0.628330E-004  -0.220818E-003
  2.637150  -0.118324E-001  -0.219217E-001  -0.842879E-004  -0.131528E-003
  2.811423  -0.130407E-001  -0.187101E-001  -0.930944E-004  -0.980744E-004
  2.978233  -0.137753E-001  -0.162289E-001  -0.771287E-004  -0.757029E-004
  3.141596  -0.142044E-001  -0.144385E-001  -0.690246E-004  -0.490826E-004
  3.304929  -0.143348E-001  -0.127984E-001  -0.856832E-004  -0.300344E-004
  3.471640  -0.142782E-001  -0.108903E-001  -0.110041E-003  -0.251487E-004
  3.645732  -0.141460E-001  -0.882139E-002  -0.118566E-003  -0.206805E-004
  3.832614  -0.138008E-001  -0.687918E-002  -0.122312E-003  -0.224109E-006
  4.040336  -0.128086E-001  -0.448719E-002  -0.160665E-003   0.239359E-004
  4.280330  -0.107896E-001  -0.369625E-003  -0.198947E-003   0.282105E-004
  4.557227  -0.772622E-002   0.352900E-002  -0.132142E-003   0.351345E-004
  4.834555  -0.468840E-002   0.433968E-002  -0.603601E-004   0.321953E-004
  5.073000  -0.295952E-002   0.428182E-002  -0.382942E-004   0.144107E-004
  5.277223  -0.215760E-002   0.424754E-002  -0.248002E-004   0.488956E-005
  5.460227  -0.173589E-002   0.415325E-002  -0.127925E-004   0.343185E-005
  5.631140  -0.144874E-002   0.398391E-002  -0.410540E-005   0.513642E-005
  5.795891  -0.120368E-002   0.377404E-002   0.331012E-006   0.704567E-005
  5.958305  -0.968942E-003   0.356960E-002   0.585930E-006   0.771327E-005
  6.120528  -0.742328E-003   0.342191E-002  -0.236814E-005   0.665476E-005
  6.283185  -0.539559E-003   0.337441E-002  -0.649866E-005   0.431431E-005
  6.445849  -0.381577E-003   0.343826E-002  -0.921928E-005   0.189935E-005
  6.608079  -0.280167E-003   0.358242E-002  -0.857549E-005   0.716500E-006
  6.770475  -0.233051E-003   0.375192E-002  -0.391513E-005   0.154730E-005
  6.935152  -0.229694E-003   0.388937E-002   0.447164E-005   0.460583E-005
  7.105905  -0.257721E-003   0.393462E-002   0.159018E-004   0.979581E-005
  7.288625  -0.302524E-003   0.380331E-002   0.291274E-004   0.166803E-004
  7.492382  -0.338407E-003   0.336271E-002   0.409559E-004   0.236941E-004
  7.730104  -0.318262E-003   0.247631E-002   0.442068E-004   0.266005E-004
  8.006797  -0.210962E-003   0.131516E-002   0.322765E-004   0.204141E-004
  8.284299  -0.966782E-004   0.513620E-003   0.158706E-004   0.104868E-004
  8.524980  -0.385808E-004   0.185369E-003   0.665933E-005   0.453970E-005
  8.733159  -0.153212E-004   0.688872E-004   0.274632E-005   0.191447E-005
  8.920335  -0.620959E-005   0.266141E-004   0.114752E-005   0.813697E-006
  9.094608  -0.254852E-005   0.105238E-004   0.483399E-006   0.347547E-006
  9.261418  -0.104106E-005   0.416897E-005   0.202134E-006   0.147051E-006
  9.424782  -0.414234E-006   0.161538E-005   0.822019E-007   0.604318E-007
  9.588114  -0.156399E-006   0.595495E-006   0.316984E-007   0.235305E-007
  9.754825  -0.541880E-007   0.201762E-006   0.112173E-007   0.840444E-008
  9.928917  -0.164556E-007   0.599597E-007   0.348199E-008   0.263286E-008
 10.115799  -0.409595E-008   0.146052E-007   0.887391E-009   0.677305E-009
 10.323521  -0.754976E-009   0.263262E-008   0.167930E-009   0.129447E-009
 10.563516  -0.896047E-010   0.305193E-009   0.205427E-010   0.160045E-010
 10.840412  -0.658105E-011   0.218903E-010   0.156016E-011   0.122891E-011
 11.117740  -0.485010E-012   0.158201E-011   0.118526E-012   0.942291E-013
 11.356185  -0.599038E-013   0.192781E-012   0.149730E-013   0.119809E-013
 11.560408  -0.118268E-013   0.377064E-013   0.300540E-014   0.241578E-014
 11.743412  -0.313300E-014   0.991850E-014   0.806563E-015   0.650568E-015
 11.914325  -0.973144E-015   0.306295E-014   0.253313E-015   0.204906E-015
 12.079076  -0.322842E-015   0.101090E-014   0.848930E-016   0.688464E-016
 12.241490  -0.107574E-015   0.335199E-015   0.285663E-016   0.232230E-016
 12.403713  -0.348452E-016   0.108063E-015   0.934446E-017   0.761461E-017
 12.566371  -0.109202E-016   0.337095E-016   0.295743E-017   0.241556E-017
 12.729035  -0.336200E-017   0.103319E-016   0.919410E-018   0.752646E-018
 12.891265  -0.103350E-017   0.316262E-017   0.285331E-018   0.234081E-018
 13.053660  -0.316099E-018   0.963368E-018   0.880854E-019   0.724130E-019
 13.218337  -0.928345E-019   0.281799E-018   0.261138E-019   0.215114E-019
 13.389090  -0.243249E-019   0.735314E-019   0.691133E-020   0.570539E-020
 13.571810  -0.503332E-020   0.151448E-019   0.144658E-020   0.119702E-020
 13.775568  -0.676419E-021   0.202407E-020   0.197170E-021   0.163621E-021
 14.013289  -0.438625E-022   0.130344E-021   0.130241E-022   0.108469E-022
 14.289982  -0.109993E-023   0.324122E-023   0.334409E-024   0.279733E-024
 14.567485  -0.188740E-025   0.551614E-025   0.588088E-026   0.494070E-026
 14.808166  -0.493289E-027   0.143220E-026   0.156936E-027   0.132308E-027
 15.016344  -0.213516E-028   0.616708E-028   0.691028E-029   0.584196E-029
 15.203520  -0.132562E-029   0.381260E-029   0.435338E-030   0.368873E-030
 15.377794  -0.103463E-030   0.296485E-030   0.344214E-031   0.292232E-031
 15.544603  -0.916610E-032   0.261806E-031   0.308620E-032   0.262475E-032
 15.707967  -0.847500E-033   0.241332E-032   0.288633E-033   0.245879E-033
 15.871299  -0.756688E-034   0.214843E-033   0.260634E-034   0.222378E-034
 16.038010  -0.600830E-035   0.170096E-034   0.209352E-035   0.178904E-035
 16.212102  -0.384113E-036   0.108419E-035   0.135480E-036   0.115964E-036
 16.398984  -0.173017E-037   0.486806E-037   0.618436E-038   0.530264E-038
 16.606706  -0.454141E-039   0.127334E-038   0.164808E-039   0.141580E-039
 16.846701  -0.544810E-041   0.152157E-040   0.201248E-041   0.173256E-041
 17.123598  -0.294970E-043   0.820313E-043   0.111165E-043   0.959259E-044
 17.400925  -0.191907E-045   0.531693E-045   0.736746E-046   0.637065E-046
 17.639371  -0.375961E-047   0.103880E-046   0.146360E-047   0.126748E-047
 17.843594  -0.188121E-048   0.518765E-048   0.739952E-049   0.641496E-049
 18.026598  -0.167326E-049   0.460717E-049   0.663557E-050   0.575750E-050
 18.197510  -0.203371E-050   0.559245E-050   0.812163E-051   0.705192E-051
 18.362261  -0.283353E-051   0.778283E-051   0.113890E-051   0.989529E-052
 18.524675  -0.404411E-052   0.110955E-051   0.163571E-052   0.142206E-052
 18.686898  -0.557790E-053   0.152867E-052   0.227033E-053   0.197501E-053
 18.849556  -0.737559E-054   0.201912E-053   0.302115E-054   0.262976E-054
 19.012220  -0.960359E-055   0.262623E-054   0.395865E-055   0.344787E-055
 19.174450  -0.126594E-055   0.345827E-055   0.525061E-056   0.457578E-056
 19.336845  -0.167798E-056   0.457926E-056   0.700205E-057   0.610555E-057
 19.501523  -0.210515E-057   0.573922E-057   0.883889E-058   0.771154E-058
 19.672276  -0.221142E-058   0.602253E-058   0.934656E-059   0.815929E-059
 19.854995  -0.159288E-059   0.433280E-059   0.678355E-060   0.592584E-060
 20.058753  -0.574644E-061   0.156080E-060   0.247032E-061   0.215974E-061
 20.296475  -0.651562E-063   0.176638E-062   0.283585E-063   0.248192E-063
 20.573167  -0.169048E-065   0.457209E-065   0.747588E-066   0.655147E-066
 20.850670  -0.261597E-068   0.705833E-068   0.117638E-068   0.103229E-068
 21.091351  -0.853789E-071   0.229913E-070   0.389472E-071   0.342147E-071
 21.299529  -0.648609E-073   0.174384E-072   0.299403E-073   0.263256E-073
 21.486706  -0.895878E-075   0.240544E-074   0.417765E-075   0.367602E-075
 21.660979  -0.181168E-076   0.485872E-076   0.852509E-077   0.750634E-077
 21.827788  -0.455471E-078   0.122023E-077   0.216135E-078   0.190420E-078
 21.991152  -0.124840E-079   0.334120E-079   0.597194E-080   0.526436E-080
 22.154485  -0.331330E-081   0.885906E-081   0.159769E-081   0.140915E-081
 22.321196  -0.753066E-083   0.201157E-082   0.366116E-083   0.323091E-083
 22.495287  -0.126736E-084   0.338188E-084   0.621517E-085   0.548792E-085
 22.682170  -0.130319E-086   0.347369E-086   0.645216E-087   0.570070E-087
 22.889891  -0.625245E-089   0.166456E-088   0.312948E-089   0.276691E-089
 23.129886  -0.997569E-092   0.265205E-091   0.505736E-092   0.447497E-092
 23.406783  -0.531759E-095   0.141149E-094   0.273535E-095   0.242248E-095
 23.684111  -0.391982E-098   0.103901E-097   0.204377E-098   0.181143E-098
 23.922556  -0.145490E-100   0.385245E-100   0.766371E-101   0.679643E-101
 24.126779  -0.209361E-102   0.553952E-102   0.111123E-102   0.985895E-103
 24.309783  -0.688924E-104   0.182176E-103   0.367874E-104   0.326490E-104
 24.480696  -0.355292E-105   0.939046E-105   0.190704E-105   0.169299E-105
 24.645447  -0.223647E-106   0.590833E-106   0.120618E-106   0.107107E-106
 24.807861  -0.146585E-107   0.387078E-107   0.794260E-108   0.705468E-108
 24.970084  -0.921928E-109   0.243341E-108   0.501887E-109   0.445890E-109
 25.132741  -0.550337E-110   0.145196E-109   0.301016E-110   0.267497E-110
 25.295405  -0.323695E-111   0.853640E-111   0.177885E-111   0.158116E-111
 25.457635  -0.194928E-112   0.513842E-112   0.107618E-112   0.956804E-113
 25.620030  -0.119030E-113   0.313640E-113   0.660149E-114   0.587059E-114
 25.784708  -0.677887E-115   0.178547E-114   0.377703E-115   0.335963E-115
 25.955461  -0.304299E-116   0.801136E-116   0.170391E-116   0.151598E-116
 26.138180  -0.819767E-118   0.215714E-117   0.461650E-118   0.410850E-118
 26.341938  -0.865793E-120   0.227685E-119   0.491036E-120   0.437154E-120
 26.579660  -0.191710E-122   0.503755E-122   0.109751E-122   0.977515E-123
 26.856353  -0.589938E-126   0.154861E-125   0.341841E-126   0.304639E-126
 27.133855  -0.943808E-130   0.247496E-129   0.553904E-130   0.493912E-130
 27.374536  -0.430157E-133   0.112703E-132   0.255229E-133   0.227697E-133
 27.582714  -0.627084E-136   0.164182E-135   0.375472E-136   0.335102E-136
 27.769891  -0.207527E-138   0.543017E-138   0.125233E-138   0.111806E-138
 27.944164  -0.115970E-140   0.303289E-140   0.704736E-141   0.629361E-141
 28.110974  -0.877034E-143   0.229254E-142   0.536431E-143   0.479187E-143
 28.274338  -0.752635E-145   0.196646E-144   0.463222E-145   0.413897E-145
