 nmodes=            1  nfields=            2  max_plot=          289
 ky=   1.5133476209941089E-002   width=    1.000000000000000     
 theta     ((Re(field_i), Im(field_i),i=(1,nfields)),j=1,nmodes)
Tearing metric:  [   0.166131E-002   0.166986E-002   0.127741E-001   0.199754E+001 ]
DEP: [   0.401844E-004   0.000000E+000   0.000000E+000   0.000000E+000]
chi_th: [  -0.157555E+000   0.000000E+000   0.000000E+000   0.000000E+000]
chi_i: [  -0.420422E+000   0.000000E+000   0.000000E+000   0.000000E+000]
chi_i_cond: [  -0.213431E+000   0.000000E+000   0.000000E+000   0.000000E+000]
chi_e: [  -0.211982E+000   0.000000E+000   0.000000E+000   0.000000E+000]
chi_e_cond: [  -0.891256E-001   0.000000E+000   0.000000E+000   0.000000E+000]
i_QL_cond_flux: [  -0.261380E-006   0.000000E+000   0.000000E+000   0.000000E+000]
e_QL_cond_flux: [  -0.891256E-007   0.000000E+000   0.000000E+000   0.000000E+000]
QL_ratio: [   0.147233E+003             NaN             NaN             NaN]
EP QL convective fraction: [   0.523912E+000             NaN             NaN             NaN]
<theta^2>: [   0.719888E+000   0.816842E+000   0.315935E+002   0.312968E+002]
 Mode kept T/F for each mode:    T  F  F  F
 Theta      Re(phi)        Im(phi)        Re(B_per)        Im(B_per)
-28.274283   0.848096E-145   0.119086E-146  -0.183036E-146   0.232939E-145
-28.117561   0.190149E-143   0.266952E-145  -0.408655E-145   0.519998E-144
-27.957541   0.549860E-142   0.771792E-144  -0.117629E-143   0.149656E-142
-27.790097   0.271028E-140   0.380319E-142  -0.576685E-142   0.733564E-141
-27.609181   0.311400E-138   0.436815E-140  -0.658203E-140   0.837068E-139
-27.404167   0.125255E-135   0.175612E-137  -0.262504E-137   0.333739E-136
-27.152602   0.335526E-132   0.470048E-134  -0.695164E-134   0.883454E-133
-26.814430   0.110372E-127   0.154432E-129  -0.225151E-129   0.285974E-128
-26.482174   0.712909E-124   0.996252E-126  -0.143477E-125   0.182144E-124
-26.245039   0.134396E-121   0.187653E-123  -0.268256E-123   0.340445E-122
-26.056200   0.599152E-120   0.836027E-122  -0.118868E-121   0.150820E-120
-25.891129   0.165542E-118   0.230848E-120  -0.326664E-120   0.414386E-119
-25.737857   0.446952E-117   0.622875E-119  -0.877225E-119   0.111256E-117
-25.589206   0.153114E-115   0.213226E-117  -0.298761E-117   0.378821E-116
-25.440276   0.775566E-114   0.107913E-115  -0.150337E-115   0.190572E-114
-25.288137   0.601761E-112   0.836447E-114  -0.115785E-113   0.146728E-112
-25.132741   0.620589E-110   0.861622E-112  -0.118452E-111   0.150060E-110
-24.977224   0.617205E-108   0.855870E-110  -0.116856E-109   0.147987E-108
-24.824859   0.432879E-106   0.599538E-108  -0.813357E-108   0.102970E-106
-24.675799   0.188604E-104   0.260918E-106  -0.351953E-106   0.445437E-105
-24.527248   0.536345E-103   0.741193E-105  -0.994711E-105   0.125858E-103
-24.374412   0.116474E-101   0.160793E-103  -0.214775E-103   0.271680E-102
-24.210270   0.247175E-100   0.340861E-102  -0.453162E-102   0.573080E-101
-24.023203   0.767559E-099   0.105714E-100  -0.139798E-100   0.176740E-099
-23.789487   0.785295E-097   0.107961E-098  -0.141745E-098   0.179127E-097
-23.463253   0.146182E-093   0.200323E-095  -0.259918E-095   0.328234E-094
-23.119986   0.111970E-089   0.152777E-091  -0.195434E-091   0.246580E-090
-22.865019   0.826025E-087   0.112304E-088  -0.142149E-088   0.179223E-087
-22.658203   0.108234E-084   0.146730E-086  -0.184269E-086   0.232202E-085
-22.476269   0.470746E-083   0.636661E-085  -0.794677E-085   0.100095E-083
-22.308240   0.990464E-082   0.133685E-083  -0.166042E-083   0.209065E-082
-22.147914   0.132391E-080   0.178371E-082  -0.220612E-082   0.277685E-081
-21.991097   0.141280E-079   0.190023E-081  -0.234119E-081   0.294598E-080
-21.834376   0.148444E-078   0.199308E-080  -0.244620E-080   0.307718E-079
-21.674356   0.188274E-077   0.252290E-079  -0.308367E-079   0.387778E-078
-21.506911   0.355201E-076   0.474845E-078  -0.577613E-078   0.726071E-077
-21.325995   0.125768E-074   0.167621E-076  -0.202715E-076   0.254690E-075
-21.120982   0.112737E-072   0.149642E-074  -0.179650E-074   0.225563E-073
-20.869417   0.409045E-070   0.539803E-072  -0.641870E-072   0.805180E-071
-20.531245   0.925768E-067   0.121133E-068  -0.142252E-068   0.178218E-067
-20.198988   0.601447E-064   0.780643E-066  -0.907352E-066   0.113544E-064
-19.961854   0.282560E-062   0.364828E-064  -0.421492E-064   0.527062E-063
-19.773015   0.456185E-061   0.586640E-063  -0.674843E-063   0.843406E-062
-19.607943   0.515609E-060   0.660625E-062  -0.757136E-062   0.945787E-061
-19.454672   0.569750E-059   0.727219E-061  -0.830437E-061   0.103683E-059
-19.306020   0.744047E-058   0.945648E-060  -0.107574E-059   0.134236E-058
-19.157090   0.128090E-056   0.161989E-058  -0.183508E-058   0.228843E-057
-19.004951   0.297371E-055   0.373887E-057  -0.421656E-057   0.525443E-056
-18.849556   0.837813E-054   0.104647E-055  -0.117473E-055   0.146269E-054
-18.694039   0.227061E-052   0.281643E-054  -0.314772E-054   0.391605E-053
-18.541674   0.473478E-051   0.583291E-053  -0.649377E-053   0.807236E-052
-18.392613   0.695896E-050   0.851797E-052  -0.945204E-052   0.117411E-050
-18.244063   0.748999E-049   0.911309E-051  -0.100846E-050   0.125183E-049
-18.091227   0.661362E-048   0.800037E-050  -0.883205E-050   0.109564E-048
-17.927085   0.570884E-047   0.686448E-049  -0.756114E-049   0.937367E-048
-17.740017   0.639635E-046   0.763672E-048  -0.839218E-048   0.103960E-046
-17.506301   0.163565E-044   0.193305E-046  -0.211834E-046   0.262133E-045
-17.180068   0.308402E-042   0.357883E-044  -0.390793E-044   0.482690E-043
-16.836801   0.146853E-039   0.166229E-041  -0.181102E-041   0.223154E-040
-16.581834   0.133455E-037   0.147921E-039  -0.161163E-039   0.198202E-038
-16.375018   0.363486E-036   0.396000E-038  -0.431965E-038   0.530434E-037
-16.193083   0.461785E-035   0.495859E-037  -0.541825E-037   0.664515E-036
-16.025055   0.356096E-034   0.377621E-036  -0.413438E-036   0.506529E-035
-15.864729   0.201115E-033   0.210883E-035  -0.231377E-035   0.283215E-034
-15.707912   0.971477E-033   0.100770E-034  -0.110821E-034   0.135533E-033
-15.551191   0.461783E-032   0.473617E-034  -0.522286E-034   0.638186E-033
-15.391171   0.247034E-031   0.250126E-033  -0.276783E-033   0.337871E-032
-15.223726   0.170262E-030   0.169689E-032  -0.188660E-032   0.230027E-031
-15.042810   0.175188E-029   0.171024E-031  -0.191456E-031   0.233089E-030
-14.837797   0.323849E-028   0.307213E-030  -0.347630E-030   0.422383E-029
-14.586232   0.142843E-026   0.129822E-028  -0.149621E-028   0.181287E-027
-14.248059   0.190635E-024   0.161940E-026  -0.193011E-026   0.232913E-025
-13.915803   0.108105E-022   0.856343E-025  -0.106183E-024   0.127651E-023
-13.678668   0.115632E-021   0.872081E-024  -0.111448E-023   0.133653E-022
-13.489830   0.631373E-021   0.457570E-023  -0.599998E-023   0.718204E-022
-13.324758   0.274408E-020   0.191399E-022  -0.257497E-022   0.307704E-021
-13.171487   0.116463E-019   0.779143E-022  -0.107892E-021   0.128702E-020
-13.022835   0.540319E-019   0.344025E-021  -0.493544E-021   0.587588E-020
-12.873905   0.291433E-018   0.174435E-020  -0.261954E-020   0.311159E-019
-12.721766   0.184238E-017   0.101909E-019  -0.162582E-019   0.192607E-018
-12.566371   0.127625E-016   0.639143E-019  -0.110359E-018   0.130346E-017
-12.410854   0.844345E-016   0.375186E-018  -0.715001E-018   0.841816E-017
-12.258488   0.470407E-015   0.182379E-017  -0.390429E-017   0.458244E-016
-12.109428   0.211147E-014   0.703906E-017  -0.172041E-016   0.201331E-015
-11.960877   0.784507E-014   0.220969E-016  -0.628479E-016   0.733465E-015
-11.808041   0.257939E-013   0.595626E-016  -0.203348E-015   0.236689E-014
-11.643899   0.827104E-013   0.146584E-015  -0.641430E-015   0.744549E-014
-11.456832   0.300647E-012   0.338223E-015  -0.228745E-014   0.264655E-013
-11.223116   0.165241E-011   0.283723E-015  -0.122389E-013   0.140940E-012
-10.896883   0.241750E-010  -0.390376E-013  -0.170853E-012   0.195091E-011
-10.553616   0.501328E-009  -0.211475E-011  -0.333040E-011   0.375863E-010
-10.298648   0.417689E-008  -0.274930E-010  -0.263660E-010   0.294574E-009
-10.091832   0.186213E-007  -0.160873E-009  -0.112782E-009   0.124945E-008
 -9.909898   0.566477E-007  -0.592214E-009  -0.331446E-009   0.364540E-008
 -9.741869   0.135036E-006  -0.163235E-008  -0.766930E-009   0.838140E-008
 -9.581543   0.276700E-006  -0.376726E-008  -0.152991E-008   0.166218E-007
 -9.424727   0.523027E-006  -0.791489E-008  -0.281810E-008   0.304420E-007
 -9.268005   0.966871E-006  -0.162166E-007  -0.507033E-008   0.544359E-007
 -9.107985   0.183821E-005  -0.343908E-007  -0.934513E-008   0.996127E-007
 -8.940541   0.375489E-005  -0.795792E-007  -0.183681E-007   0.194009E-006
 -8.759625   0.855646E-005  -0.210709E-006  -0.397682E-007   0.414783E-006
 -8.554611   0.224498E-004  -0.667784E-006  -0.969968E-007   0.992637E-006
 -8.303046   0.693041E-004  -0.264833E-005  -0.266967E-006   0.264314E-005
 -7.964874   0.231075E-003  -0.123957E-004  -0.728620E-006   0.670796E-005
 -7.632618   0.476219E-003  -0.343174E-004  -0.118220E-005   0.950282E-005
 -7.395483   0.631203E-003  -0.541757E-004  -0.129934E-005   0.865057E-005
 -7.206644   0.715316E-003  -0.691363E-004  -0.125995E-005   0.623443E-005
 -7.041573   0.752582E-003  -0.795202E-004  -0.115605E-005   0.304296E-005
 -6.888301   0.748354E-003  -0.839122E-004  -0.103836E-005  -0.600677E-006
 -6.739650   0.699746E-003  -0.780081E-004  -0.975852E-006  -0.417274E-005
 -6.590720   0.609010E-003  -0.544643E-004  -0.107753E-005  -0.663447E-005
 -6.438581   0.498863E-003  -0.644577E-005  -0.142230E-005  -0.684475E-005
 -6.283185   0.406832E-003   0.620726E-004  -0.184566E-005  -0.520535E-005
 -6.127669   0.339613E-003   0.130282E-003  -0.190328E-005  -0.425476E-005
 -5.975303   0.262787E-003   0.178873E-003  -0.139889E-005  -0.529156E-005
 -5.826243   0.161095E-003   0.208873E-003  -0.659024E-006  -0.666602E-005
 -5.677692   0.544643E-004   0.233314E-003  -0.911054E-007  -0.662013E-005
 -5.524856  -0.352045E-004   0.263896E-003   0.151685E-006  -0.506425E-005
 -5.360714  -0.104230E-003   0.308577E-003   0.157300E-006  -0.327710E-005
 -5.173647  -0.181603E-003   0.374519E-003   0.275082E-006  -0.421535E-005
 -4.939931  -0.436064E-003   0.459674E-003   0.179762E-005  -0.163759E-004
 -4.613698  -0.178936E-002   0.430080E-003   0.866762E-005  -0.536662E-004
 -4.270430  -0.441111E-002   0.693450E-004   0.123045E-004  -0.575665E-004
 -4.015463  -0.593931E-002  -0.177374E-003   0.822160E-005  -0.392138E-004
 -3.808647  -0.661649E-002  -0.280103E-003   0.537782E-005  -0.231671E-004
 -3.626713  -0.677125E-002  -0.326771E-003   0.368483E-005  -0.830219E-005
 -3.458684  -0.668876E-002  -0.356993E-003   0.245187E-005   0.505120E-006
 -3.298358  -0.657377E-002  -0.388670E-003   0.165161E-005   0.316095E-005
 -3.141541  -0.651232E-002  -0.431615E-003   0.131541E-005   0.312146E-005
 -2.984820  -0.651288E-002  -0.493964E-003   0.139941E-005   0.460495E-005
 -2.824800  -0.652010E-002  -0.585080E-003   0.176480E-005   0.121771E-004
 -2.657356  -0.636415E-002  -0.713295E-003   0.208261E-005   0.294897E-004
 -2.476439  -0.569532E-002  -0.877440E-003   0.196106E-005   0.543468E-004
 -2.271426  -0.398330E-002  -0.106820E-002   0.201114E-005   0.893468E-004
 -2.019861   0.685988E-003  -0.130673E-002   0.287477E-005   0.222659E-003
 -1.681689   0.175167E-001  -0.150077E-002  -0.100018E-005   0.673862E-003
 -1.349432   0.721113E-001  -0.163149E-002  -0.329074E-005   0.299189E-002
 -1.112298   0.168595E+000  -0.178439E-002  -0.159047E-004   0.624269E-002
 -0.923459   0.286324E+000  -0.180990E-002  -0.337830E-004   0.882516E-002
 -0.758388   0.419273E+000  -0.168586E-002  -0.503516E-004   0.104255E-001
 -0.605116   0.566382E+000  -0.140879E-002  -0.609445E-004   0.108352E-001
 -0.456465   0.720585E+000  -0.995222E-003  -0.607278E-004   0.977548E-002
 -0.307535   0.862577E+000  -0.523716E-003  -0.470955E-004   0.720605E-002
 -0.155395   0.963639E+000  -0.144136E-003  -0.242551E-004   0.368740E-002
  0.000000   0.100000E+001  -0.173345E-017  -0.840587E-008  -0.119960E-005
  0.155517   0.963540E+000  -0.143781E-003   0.242351E-004  -0.369280E-002
  0.307882   0.862181E+000  -0.522883E-003   0.470767E-004  -0.721719E-002
  0.456943   0.719894E+000  -0.993420E-003   0.606920E-004  -0.978624E-002
  0.605493   0.565702E+000  -0.140549E-002   0.608970E-004  -0.108402E-001
  0.758329   0.418967E+000  -0.168128E-002   0.503510E-004  -0.104283E-001
  0.922471   0.286670E+000  -0.180519E-002   0.338979E-004  -0.883700E-002
  1.109539   0.169756E+000  -0.178157E-002   0.161476E-004  -0.628107E-002
  1.343254   0.737739E-001  -0.163200E-002   0.345331E-005  -0.306443E-002
  1.669488   0.184432E-001  -0.150035E-002   0.109197E-005  -0.705532E-003
  2.012755   0.896864E-003  -0.131076E-002  -0.284958E-005  -0.228301E-003
  2.267722  -0.393785E-002  -0.106904E-002  -0.202436E-005  -0.901910E-004
  2.474538  -0.568088E-002  -0.876822E-003  -0.195470E-005  -0.545775E-004
  2.656472  -0.635913E-002  -0.711713E-003  -0.207966E-005  -0.296169E-004
  2.824501  -0.651722E-002  -0.582952E-003  -0.176299E-005  -0.122080E-004
  2.984827  -0.651020E-002  -0.491706E-003  -0.139699E-005  -0.459732E-005
  3.141644  -0.650952E-002  -0.429478E-003  -0.131191E-005  -0.310751E-005
  3.298365  -0.657075E-002  -0.386761E-003  -0.164584E-005  -0.315439E-005
  3.458385  -0.668544E-002  -0.355327E-003  -0.244141E-005  -0.525464E-006
  3.625830  -0.676838E-002  -0.325347E-003  -0.366606E-005   0.821525E-005
  3.806746  -0.661793E-002  -0.279225E-003  -0.534186E-005   0.229915E-004
  4.011759  -0.595475E-002  -0.178859E-003  -0.813250E-005   0.389610E-004
  4.263324  -0.446347E-002   0.601790E-004  -0.121960E-004   0.570648E-004
  4.601497  -0.187054E-002   0.420969E-003  -0.895615E-005   0.548853E-004
  4.933753  -0.447379E-003   0.460089E-003  -0.187543E-005   0.169669E-004
  5.170888  -0.181611E-003   0.374115E-003  -0.280754E-006   0.427854E-005
  5.359726  -0.103211E-003   0.307483E-003  -0.156978E-006   0.326282E-005
  5.524798  -0.341095E-004   0.262670E-003  -0.151959E-006   0.504979E-005
  5.678069   0.555258E-004   0.232212E-003   0.905895E-007   0.660798E-005
  5.826721   0.161968E-003   0.207947E-003   0.657209E-006   0.665280E-005
  5.975651   0.263368E-003   0.178071E-003   0.139317E-005   0.528158E-005
  6.127790   0.340032E-003   0.129576E-003   0.189355E-005   0.424633E-005
  6.283185   0.407154E-003   0.614904E-004   0.183479E-005   0.518847E-005
  6.438702   0.498968E-003  -0.682916E-005   0.141177E-005   0.682099E-005
  6.591068   0.608820E-003  -0.545178E-004   0.106809E-005   0.660668E-005
  6.740128   0.699114E-003  -0.776571E-004   0.968144E-006   0.414374E-005
  6.888679   0.747242E-003  -0.832287E-004   0.103198E-005   0.580447E-006
  7.041514   0.751227E-003  -0.786524E-004   0.115026E-005  -0.304465E-005
  7.205656   0.714231E-003  -0.682485E-004   0.125455E-005  -0.621377E-005
  7.392724   0.631417E-003  -0.534634E-004   0.129547E-005  -0.861496E-005
  7.626440   0.479971E-003  -0.340491E-004   0.118521E-005  -0.950179E-005
  7.952673   0.238835E-003  -0.125557E-004   0.747127E-006  -0.685744E-005
  8.295940   0.713839E-004  -0.261274E-005   0.274092E-006  -0.271119E-005
  8.550908   0.228111E-004  -0.634913E-006   0.984899E-007  -0.100771E-005
  8.757724   0.861619E-005  -0.194456E-006   0.400593E-007  -0.417828E-006
  8.939658   0.376153E-005  -0.716717E-007   0.184151E-007  -0.194525E-006
  9.107686   0.183638E-005  -0.303283E-007   0.934510E-008  -0.996254E-007
  9.268012   0.964647E-006  -0.140250E-007   0.506420E-008  -0.543775E-007
  9.424829   0.521620E-006  -0.671157E-008   0.281372E-008  -0.303987E-007
  9.581551   0.276063E-006  -0.312469E-008   0.152813E-008  -0.166047E-007
  9.741571   0.134929E-006  -0.131716E-008   0.767176E-009  -0.838501E-008
  9.909015   0.568090E-007  -0.459942E-009   0.332734E-009  -0.365986E-008
 10.089931   0.188241E-007  -0.117586E-009   0.114108E-009  -0.126418E-008
 10.294944   0.429532E-008  -0.178302E-010   0.271269E-010  -0.303060E-009
 10.546510   0.534539E-009  -0.930996E-012   0.355048E-011  -0.400626E-010
 10.884682   0.268804E-010   0.253564E-013   0.189853E-012  -0.216727E-011
 11.216938   0.173320E-011   0.496052E-014   0.128455E-013  -0.147918E-012
 11.454073   0.305830E-012   0.118773E-014   0.232967E-014  -0.269551E-013
 11.642912   0.830456E-013   0.379797E-015   0.644947E-015  -0.748689E-014
 11.807983   0.257311E-013   0.132369E-015   0.203165E-015  -0.236499E-014
 11.961254   0.779913E-014   0.443305E-016   0.625801E-016  -0.730413E-015
 12.109906   0.209665E-014   0.130718E-016   0.171113E-016  -0.200266E-015
 12.258836   0.467588E-015   0.318634E-017   0.388729E-017  -0.456293E-016
 12.410975   0.841256E-016   0.624316E-018   0.713558E-018  -0.840195E-017
 12.566371   0.127307E-016   0.102221E-018   0.110267E-018  -0.130250E-017
 12.721887   0.183548E-017   0.157803E-019   0.162249E-019  -0.192230E-018
 12.874253   0.289568E-018   0.263306E-020   0.260735E-020  -0.309739E-019
 13.023313   0.536124E-019   0.509943E-021   0.490590E-021  -0.584126E-020
 13.171864   0.115694E-019   0.114156E-021   0.107372E-021  -0.128095E-020
 13.324700   0.273708E-020   0.278675E-022   0.257298E-022  -0.307492E-021
 13.488842   0.634978E-021   0.665613E-023   0.604468E-023  -0.723611E-022
 13.675909   0.118362E-021   0.127931E-023   0.114264E-023  -0.137038E-022
 13.909625   0.115688E-022   0.129895E-024   0.113780E-024  -0.136786E-023
 14.235858   0.224755E-024   0.266706E-026   0.227714E-026  -0.274773E-025
 14.579126   0.159876E-026   0.200833E-028   0.167663E-028  -0.203145E-027
 14.834093   0.342156E-028   0.446043E-030   0.367886E-030  -0.447013E-029
 15.040909   0.179495E-029   0.239940E-031   0.196532E-031  -0.239283E-030
 15.222843   0.171725E-030   0.233778E-032   0.190661E-032  -0.232485E-031
 15.390872   0.247228E-031   0.341325E-033   0.277573E-033  -0.338862E-032
 15.551198   0.460545E-032   0.643190E-034   0.521984E-034  -0.637867E-033
 15.708015   0.967917E-033   0.136559E-034   0.110650E-034  -0.135335E-033
 15.864736   0.200571E-033   0.285761E-035   0.231245E-035  -0.283077E-034
 16.024756   0.356409E-034   0.513021E-036   0.414688E-036  -0.508099E-035
 16.192200   0.466067E-035   0.678591E-037   0.548007E-037  -0.672146E-036
 16.373117   0.373382E-036   0.550959E-038   0.444639E-038  -0.546032E-037
 16.578130   0.142141E-037   0.213139E-039   0.171982E-039  -0.211518E-038
 16.829695   0.168222E-039   0.257305E-041   0.207797E-041  -0.256052E-040
 17.167867   0.381534E-042   0.597848E-044   0.484147E-044  -0.597995E-043
 17.500123   0.179572E-044   0.286729E-046   0.233029E-046  -0.288373E-045
 17.737258   0.661618E-046   0.106772E-047   0.870035E-048  -0.107784E-046
 17.926097   0.576066E-047   0.936607E-049   0.764805E-049  -0.948208E-048
 18.091168   0.659368E-048   0.107886E-049   0.882710E-050  -0.109511E-048
 18.244440   0.742085E-049   0.122168E-050   0.100165E-050  -0.124347E-049
 18.393091   0.688069E-050   0.114006E-051   0.936940E-052  -0.116393E-050
 18.542021   0.469059E-051   0.782601E-053   0.644955E-053  -0.801798E-052
 18.694161   0.225889E-052   0.379717E-054   0.313948E-054  -0.390609E-053
 18.849556   0.835209E-054   0.141488E-055   0.117410E-055  -0.146201E-054
 19.005073   0.295808E-055   0.504858E-057   0.420536E-057  -0.524084E-056
 19.157438   0.126844E-056   0.217940E-058   0.182206E-058  -0.227236E-057
 19.306498   0.735161E-058   0.127046E-059   0.106575E-059  -0.132998E-058
 19.455049   0.564085E-059   0.979731E-061   0.824398E-061  -0.102936E-059
 19.607885   0.513960E-060   0.896725E-062   0.756748E-062  -0.945367E-061
 19.772027   0.460939E-061   0.807778E-063   0.683699E-063  -0.854529E-062
 19.959094   0.293821E-062   0.517426E-064   0.439434E-064  -0.549530E-063
 20.192810   0.671754E-064   0.119059E-065   0.101589E-065  -0.127132E-064
 20.519044   0.120434E-066   0.215618E-068   0.185441E-068  -0.232330E-067
 20.862311   0.488365E-070   0.884435E-072   0.768169E-072  -0.963650E-071
 21.117278   0.122848E-072   0.224300E-074   0.196289E-074  -0.246468E-073
 21.324094   0.130644E-074   0.239934E-076   0.211174E-076  -0.265333E-075
 21.506028   0.360130E-076   0.664336E-078   0.587345E-078  -0.738351E-077
 21.674057   0.188634E-077   0.349205E-079   0.309877E-079  -0.389701E-078
 21.834383   0.147947E-078   0.274698E-080   0.244536E-080  -0.307632E-079
 21.991200   0.140598E-079   0.261754E-081   0.233696E-081  -0.294084E-080
 22.147921   0.131945E-080   0.246291E-082   0.220537E-082  -0.277608E-081
 22.307941   0.992431E-082   0.185772E-083   0.166879E-083  -0.210132E-082
 22.475386   0.477569E-083   0.896839E-085   0.808648E-085  -0.101861E-083
 22.656302   0.112696E-084   0.212454E-086   0.192444E-086  -0.242516E-085
 22.861315   0.906847E-087   0.171778E-088   0.156515E-088  -0.197346E-087
 23.112880   0.136587E-089   0.260325E-091   0.239058E-091  -0.301633E-090
 23.451053   0.198848E-093   0.381988E-095   0.354483E-095  -0.447667E-094
 23.783309   0.898055E-097   0.173633E-098   0.162588E-098  -0.205476E-097
 24.020444   0.805828E-099   0.156391E-100   0.147241E-100  -0.186160E-099
 24.209282   0.250495E-100   0.487462E-102   0.460768E-102  -0.582733E-101
 24.374354   0.116036E-101   0.226333E-103   0.214687E-103  -0.271585E-102
 24.527625   0.529635E-103   0.103546E-104   0.985605E-105  -0.124713E-103
 24.676277   0.185718E-104   0.363973E-106   0.347753E-106  -0.440148E-105
 24.825207   0.427430E-106   0.839941E-108   0.805883E-108  -0.102030E-106
 24.977346   0.613047E-108   0.120825E-109   0.116470E-109  -0.147506E-108
 25.132741   0.618191E-110   0.122218E-111   0.118405E-111  -0.150008E-110
 25.288258   0.597649E-112   0.118518E-113   0.115397E-113  -0.146246E-112
 25.440624   0.765505E-114   0.152229E-115   0.148913E-115  -0.188778E-114
 25.589684   0.150667E-115   0.300352E-117   0.295036E-117  -0.374119E-116
 25.738235   0.441047E-117   0.881123E-119   0.868743E-119  -0.110186E-117
 25.891070   0.164885E-118   0.330058E-120   0.326538E-120  -0.414250E-119
 26.055212   0.607954E-120   0.121934E-121   0.121046E-121  -0.153592E-120
 26.242280   0.141808E-121   0.285034E-123   0.284054E-123  -0.360512E-122
 26.475996   0.828774E-124   0.167068E-125   0.167366E-125  -0.212481E-124
 26.802229   0.157532E-127   0.319048E-129   0.322372E-129  -0.409471E-128
 27.145496   0.425805E-132   0.867111E-134   0.885223E-134  -0.112504E-132
 27.400463   0.140539E-135   0.287338E-137   0.295607E-137  -0.375843E-136
 27.607279   0.327695E-138   0.671948E-140   0.695256E-140  -0.884234E-139
 27.789214   0.276129E-140   0.567485E-142   0.589795E-142  -0.750279E-141
 27.957242   0.551437E-142   0.113533E-143   0.118425E-143  -0.150676E-142
 28.117568   0.189370E-143   0.390485E-145   0.408572E-145  -0.519920E-144
 28.274385   0.842971E-145   0.174065E-146   0.182645E-146  -0.232454E-145
