 nmodes=            3  nfields=            2  max_plot=          289
 ky=   4.3811535220998093E-002   width=    1.000000000000000     
 theta     ((Re(field_i), Im(field_i),i=(1,nfields)),j=1,nmodes)
Tearing metric:  [   0.854213E-004   0.199729E+001   0.238336E-003   0.199799E+001 ]
DEP: [   0.687046E-003   0.144350E-002   0.128414E-003   0.000000E+000]
chi_th: [   0.201864E+001  -0.887760E+002  -0.212366E+001   0.000000E+000]
chi_i: [   0.566775E+002  -0.405556E+003  -0.115187E+002   0.000000E+000]
chi_i_cond: [   0.123931E+002  -0.254366E+003  -0.592982E+001   0.000000E+000]
chi_e: [   0.131388E+003   0.832233E+002   0.135379E+002   0.000000E+000]
chi_e_cond: [  -0.402782E+001   0.773372E+001   0.946525E-001   0.000000E+000]
i_QL_cond_flux: [   0.722297E-005  -0.148250E-003  -0.345604E-005   0.000000E+000]
e_QL_cond_flux: [  -0.402782E-005   0.773372E-005   0.946525E-007   0.000000E+000]
QL_ratio: [   0.496903E+003   0.568608E+002   0.366502E+003             NaN]
EP QL convective fraction: [   0.497506E+000   0.445050E+000   0.263487E+000             NaN]
<theta^2>: [   0.123850E+002   0.346484E+002   0.211610E+002   0.331736E+002]
 Mode kept T/F for each mode:    T  F  T  F
 Theta      Re(phi)        Im(phi)        Re(B_per)        Im(B_per)
-28.274335   0.219950E-143  -0.266618E-144  -0.396559E-145   0.969398E-143
-28.106289   0.403518E-141  -0.489147E-142  -0.722248E-143   0.176537E-140
-27.935124   0.757574E-139  -0.918360E-140  -0.134594E-140   0.328950E-138
-27.757411   0.155726E-136  -0.188782E-137  -0.274557E-138   0.670944E-136
-27.569155   0.379339E-134  -0.459875E-135  -0.663450E-136   0.162110E-133
-27.365801   0.119589E-131  -0.144983E-132  -0.207373E-133   0.506634E-131
-27.143505   0.518918E-129  -0.629129E-130  -0.891591E-131   0.217792E-128
-26.903708   0.286272E-126  -0.347085E-127  -0.487091E-128   0.118964E-125
-26.658742   0.143335E-123  -0.173790E-124  -0.241505E-125   0.589732E-123
-26.424853   0.442855E-121  -0.536970E-122  -0.739325E-123   0.180505E-120
-26.208842   0.749828E-119  -0.909209E-120  -0.124133E-120   0.303021E-118
-26.009103   0.758221E-117  -0.919413E-118  -0.124562E-118   0.304022E-116
-25.821698   0.521401E-115  -0.632265E-116  -0.850467E-117   0.207546E-114
-25.642967   0.272766E-113  -0.330773E-114  -0.441907E-115   0.107826E-112
-25.470005   0.118346E-111  -0.143517E-112  -0.190480E-113   0.464712E-111
-25.300546   0.454856E-110  -0.551615E-111  -0.727412E-112   0.177440E-109
-25.132741   0.163186E-108  -0.197905E-109  -0.259308E-110   0.632448E-108
-24.964942   0.571863E-107  -0.693548E-108  -0.902884E-109   0.220179E-106
-24.795500   0.204582E-105  -0.248121E-106  -0.320894E-107   0.782417E-105
-24.622570   0.784278E-104  -0.951214E-105  -0.122186E-105   0.297871E-103
-24.443886   0.341599E-102  -0.414322E-103  -0.528423E-104   0.128798E-101
-24.256548   0.182023E-100  -0.220781E-101  -0.279441E-102   0.680976E-100
-24.056902   0.130156E-098  -0.157876E-099  -0.198164E-100   0.482802E-098
-23.841013   0.138195E-096  -0.167633E-097  -0.208469E-098   0.507780E-096
-23.607253   0.229819E-094  -0.278788E-095  -0.343123E-096   0.835517E-094
-23.362322   0.525680E-092  -0.637721E-093  -0.776095E-094   0.188918E-091
-23.122410   0.116674E-089  -0.141548E-090  -0.170298E-091   0.414392E-089
-22.899973   0.189310E-087  -0.229682E-088  -0.273294E-089   0.664776E-087
-22.696508   0.213488E-085  -0.259028E-086  -0.304996E-087   0.741622E-085
-22.508170   0.178840E-083  -0.217000E-084  -0.252956E-085   0.614863E-083
-22.330402   0.120871E-081  -0.146668E-082  -0.169312E-083   0.411399E-081
-22.159206   0.706828E-080  -0.857725E-081  -0.980681E-082   0.238201E-079
-21.991150   0.378420E-078  -0.459227E-079  -0.520051E-080   0.126268E-077
-21.823103   0.194699E-076  -0.236286E-077  -0.265006E-078   0.643173E-076
-21.651939   0.100859E-074  -0.122408E-075  -0.135935E-076   0.329775E-074
-21.474226   0.553192E-073  -0.671420E-074  -0.738024E-075   0.178960E-072
-21.285969   0.340553E-071  -0.413359E-072  -0.449499E-073   0.108942E-070
-21.082616   0.250918E-069  -0.304578E-070  -0.327424E-071   0.793102E-069
-20.860320   0.231094E-067  -0.280533E-068  -0.297864E-069   0.721038E-067
-20.620522   0.250082E-065  -0.303605E-066  -0.318145E-067   0.769578E-065
-20.375556   0.247332E-063  -0.300287E-064  -0.310522E-065   0.750566E-063
-20.141667   0.168413E-061  -0.204485E-062  -0.208826E-063   0.504372E-061
-19.925657   0.726368E-060  -0.882004E-061  -0.890488E-062   0.214921E-059
-19.725918   0.212194E-058  -0.257675E-059  -0.257442E-060   0.620906E-058
-19.538512   0.463043E-057  -0.562321E-058  -0.556349E-059   0.134091E-056
-19.359781   0.820684E-056  -0.996696E-057  -0.976992E-058   0.235316E-055
-19.186820   0.125951E-054  -0.152972E-055  -0.148606E-056   0.357687E-054
-19.017361   0.175699E-053  -0.213403E-054  -0.205489E-055   0.494260E-053
-18.849556   0.231459E-052  -0.281144E-053  -0.268347E-054   0.644994E-052
-18.681757   0.297554E-051  -0.361445E-052  -0.341947E-053   0.821285E-051
-18.512315   0.385239E-050  -0.467984E-051  -0.438747E-052   0.105295E-049
-18.339384   0.519796E-049  -0.631478E-050  -0.586503E-051   0.140635E-048
-18.160701   0.761420E-048  -0.925074E-049  -0.850759E-050   0.203811E-047
-17.973363   0.127443E-046  -0.154845E-047  -0.140910E-048   0.337216E-046
-17.773717   0.259648E-045  -0.315499E-046  -0.283808E-047   0.678382E-045
-17.557827   0.689242E-044  -0.837567E-045  -0.743798E-046   0.177540E-043
-17.324068   0.246328E-042  -0.299365E-043  -0.262042E-044   0.624438E-042
-17.079136   0.107691E-040  -0.130891E-041  -0.112788E-042   0.268250E-040
-16.839225   0.450663E-039  -0.547812E-040  -0.464546E-041   0.110252E-038
-16.616788   0.148620E-037  -0.180677E-038  -0.150864E-039   0.357267E-037
-16.413322   0.374321E-036  -0.455106E-037  -0.374469E-038   0.884825E-036
-16.224984   0.755977E-035  -0.919220E-036  -0.745782E-037   0.175819E-034
-16.047217   0.129793E-033  -0.157835E-034  -0.126317E-035   0.297092E-033
-15.876021   0.198893E-032  -0.241887E-033  -0.190995E-034   0.448103E-032
-15.707964   0.282752E-031  -0.343906E-032  -0.267927E-033   0.626951E-031
-15.539918   0.385241E-030  -0.468607E-031  -0.360163E-032   0.840407E-030
-15.368753   0.518591E-029  -0.630877E-030  -0.478220E-031   0.111245E-028
-15.191041   0.712212E-028  -0.866510E-029  -0.647508E-030   0.150112E-027
-15.002784   0.103472E-026  -0.125902E-027  -0.926810E-029   0.214037E-026
-14.799431   0.165295E-025  -0.201150E-026  -0.145730E-027   0.335060E-025
-14.577135   0.297323E-024  -0.361861E-025  -0.257714E-026   0.589466E-024
-14.337337   0.576144E-023  -0.701295E-024  -0.490506E-025   0.111519E-022
-14.092371   0.102366E-021  -0.124618E-022  -0.856015E-024   0.193328E-021
-13.858482   0.140069E-020  -0.170535E-021  -0.115184E-022   0.258356E-020
-13.642472   0.141081E-019  -0.171785E-020  -0.114274E-021   0.254566E-019
-13.442733   0.109709E-018  -0.133597E-019  -0.876542E-021   0.193943E-018
-13.255327   0.702495E-018  -0.855515E-019  -0.554242E-020   0.121797E-017
-13.076596   0.390859E-017  -0.476027E-018  -0.304752E-019   0.665064E-017
-12.903635   0.196748E-016  -0.239632E-017  -0.151688E-018   0.328655E-016
-12.734176   0.923301E-016  -0.112460E-016  -0.704156E-018   0.151416E-015
-12.566371   0.413374E-015  -0.503517E-016  -0.311936E-017   0.665384E-015
-12.398571   0.179986E-014  -0.219240E-015  -0.134407E-016   0.284223E-014
-12.229129   0.775773E-014  -0.944979E-015  -0.573329E-016   0.120093E-013
-12.056199   0.337184E-013  -0.410728E-014  -0.246607E-015   0.511138E-013
-11.877515   0.150965E-012  -0.183889E-013  -0.109250E-014   0.223750E-012
-11.690177   0.714333E-012  -0.870078E-013  -0.511381E-014   0.103290E-011
-11.490531   0.368216E-011  -0.448457E-012  -0.260674E-013   0.517863E-011
-11.274642   0.213070E-010  -0.259462E-011  -0.149115E-012   0.290265E-010
-11.040882   0.139487E-009  -0.169815E-010  -0.964997E-012   0.183118E-009
-10.795951   0.971899E-009  -0.118273E-009  -0.665246E-011   0.122337E-008
-10.556040   0.631440E-008  -0.767965E-009  -0.428551E-010   0.759852E-008
-10.333603   0.347594E-007  -0.422418E-008  -0.234604E-009   0.399579E-007
-10.130137   0.160691E-006  -0.195087E-007  -0.108190E-008   0.176442E-006
 -9.941799   0.642575E-006  -0.779145E-007  -0.432888E-008   0.673552E-006
 -9.764032   0.229394E-005  -0.277713E-006  -0.155111E-007   0.229235E-005
 -9.592836   0.749209E-005  -0.905227E-006  -0.510175E-007   0.712166E-005
 -9.424779   0.227890E-004  -0.274652E-005  -0.156859E-006   0.205389E-004
 -9.256733   0.654130E-004  -0.785789E-005  -0.457052E-006   0.556504E-004
 -9.085568   0.179010E-003  -0.214119E-004  -0.127608E-005   0.142900E-003
 -8.907855   0.471033E-003  -0.560161E-004  -0.344652E-005   0.349954E-003
 -8.719599   0.120002E-002  -0.141563E-003  -0.907990E-005   0.820360E-003
 -8.516245   0.297049E-002  -0.346361E-003  -0.234571E-004   0.183852E-002
 -8.293949   0.709994E-002  -0.813447E-003  -0.591395E-004   0.388866E-002
 -8.054152   0.159203E-001  -0.177548E-002  -0.141206E-003   0.749416E-002
 -7.809186   0.318206E-001  -0.340929E-002  -0.301004E-003   0.125068E-001
 -7.575297   0.549542E-001  -0.557074E-002  -0.547849E-003   0.176901E-001
 -7.359286   0.832516E-001  -0.785723E-002  -0.853265E-003   0.218068E-001
 -7.159547   0.114514E+000  -0.990127E-002  -0.116368E-002   0.246023E-001
 -6.972142   0.147556E+000  -0.115231E-001  -0.141487E-002   0.267000E-001
 -6.793411   0.182304E+000  -0.127566E-001  -0.154120E-002   0.290811E-001
 -6.620449   0.219490E+000  -0.138283E-001  -0.148443E-002   0.325492E-001
 -6.450990   0.260128E+000  -0.151087E-001  -0.120507E-002   0.372705E-001
 -6.283185   0.304834E+000  -0.170326E-001  -0.695939E-003   0.424746E-001
 -6.115386   0.353092E+000  -0.199896E-001   0.457374E-005   0.464531E-001
 -5.945944   0.402652E+000  -0.242025E-001   0.803904E-003   0.469868E-001
 -5.773014   0.449386E+000  -0.296240E-001   0.155689E-002   0.422456E-001
 -5.594330   0.487905E+000  -0.358902E-001   0.208417E-002   0.320224E-001
 -5.406992   0.513294E+000  -0.423646E-001   0.221642E-002   0.188495E-001
 -5.207346   0.524014E+000  -0.482906E-001   0.187467E-002   0.797138E-002
 -4.991457   0.524812E+000  -0.530046E-001   0.117819E-002   0.437019E-002
 -4.757697   0.525061E+000  -0.560006E-001   0.474555E-003   0.638886E-002
 -4.512766   0.528167E+000  -0.567950E-001   0.479936E-004   0.523462E-002
 -4.272855   0.528695E+000  -0.555684E-001  -0.261219E-003   0.938556E-003
 -4.050417   0.529054E+000  -0.539059E-001  -0.658382E-003   0.226831E-002
 -3.846952   0.535805E+000  -0.530979E-001  -0.102177E-002   0.689570E-002
 -3.658614   0.546407E+000  -0.528876E-001  -0.125269E-002   0.776840E-002
 -3.480846   0.555370E+000  -0.524881E-001  -0.145081E-002   0.623678E-002
 -3.309650   0.563713E+000  -0.516988E-001  -0.170917E-002   0.803992E-002
 -3.141594   0.576674E+000  -0.507912E-001  -0.193988E-002   0.132711E-001
 -2.973547   0.595456E+000  -0.498476E-001  -0.196831E-002   0.163775E-001
 -2.802383   0.615824E+000  -0.487313E-001  -0.175976E-002   0.152068E-001
 -2.624670   0.635472E+000  -0.477147E-001  -0.148226E-002   0.146751E-001
 -2.436413   0.658382E+000  -0.476063E-001  -0.132046E-002   0.181608E-001
 -2.233060   0.687603E+000  -0.488101E-001  -0.131785E-002   0.202907E-001
 -2.010764   0.718584E+000  -0.507341E-001  -0.153789E-002   0.174302E-001
 -1.770966   0.750314E+000  -0.527655E-001  -0.219842E-002   0.175616E-001
 -1.526000   0.789171E+000  -0.540743E-001  -0.321534E-002   0.202936E-001
 -1.292111   0.829534E+000  -0.526770E-001  -0.427155E-002   0.177191E-001
 -1.076101   0.865411E+000  -0.479314E-001  -0.545943E-002   0.158349E-001
 -0.876362   0.900436E+000  -0.406542E-001  -0.680703E-002   0.180770E-001
 -0.688956   0.935461E+000  -0.314396E-001  -0.784382E-002   0.189686E-001
 -0.510225   0.965586E+000  -0.209108E-001  -0.788426E-002   0.148316E-001
 -0.337264   0.986208E+000  -0.105949E-001  -0.647727E-002   0.802411E-002
 -0.167805   0.996901E+000  -0.287782E-002  -0.366658E-002   0.272702E-002
  0.000000   0.100000E+001   0.169520E-015   0.185210E-006  -0.728574E-006
  0.167799   0.996900E+000  -0.287768E-002   0.366684E-002  -0.272828E-002
  0.337241   0.986208E+000  -0.105937E-001   0.647728E-002  -0.802442E-002
  0.510172   0.965589E+000  -0.209076E-001   0.788426E-002  -0.148306E-001
  0.688855   0.935475E+000  -0.314342E-001   0.784428E-002  -0.189684E-001
  0.876193   0.900462E+000  -0.406471E-001   0.680822E-002  -0.180798E-001
  1.075839   0.865452E+000  -0.479240E-001   0.546110E-002  -0.158359E-001
  1.291729   0.829596E+000  -0.526722E-001   0.427338E-002  -0.177120E-001
  1.525488   0.789257E+000  -0.540755E-001   0.321757E-002  -0.202938E-001
  1.770419   0.750390E+000  -0.527701E-001   0.220045E-002  -0.175691E-001
  2.010331   0.718641E+000  -0.507379E-001   0.153869E-002  -0.174242E-001
  2.232768   0.687645E+000  -0.488123E-001   0.131797E-002  -0.202893E-001
  2.436233   0.658405E+000  -0.476068E-001   0.132039E-002  -0.181649E-001
  2.624572   0.635482E+000  -0.477144E-001   0.148214E-002  -0.146757E-001
  2.802339   0.615826E+000  -0.487312E-001   0.175971E-002  -0.152059E-001
  2.973535   0.595454E+000  -0.498478E-001   0.196830E-002  -0.163771E-001
  3.141592   0.576671E+000  -0.507914E-001   0.193986E-002  -0.132707E-001
  3.309638   0.563712E+000  -0.516989E-001   0.170917E-002  -0.803986E-002
  3.480803   0.555371E+000  -0.524881E-001   0.145085E-002  -0.623626E-002
  3.658515   0.546411E+000  -0.528878E-001   0.125278E-002  -0.776724E-002
  3.846772   0.535815E+000  -0.530980E-001   0.102204E-002  -0.689886E-002
  4.050125   0.529059E+000  -0.539043E-001   0.658988E-003  -0.227487E-002
  4.272421   0.528695E+000  -0.555651E-001   0.261909E-003  -0.933620E-003
  4.512219   0.528174E+000  -0.567943E-001  -0.472916E-004  -0.522481E-002
  4.757185   0.525066E+000  -0.560050E-001  -0.473307E-003  -0.639318E-002
  4.991074   0.524811E+000  -0.530117E-001  -0.117684E-002  -0.437116E-002
  5.207084   0.524021E+000  -0.482978E-001  -0.187395E-002  -0.796140E-002
  5.406823   0.513309E+000  -0.423703E-001  -0.221632E-002  -0.188382E-001
  5.594229   0.487920E+000  -0.358939E-001  -0.208431E-002  -0.320160E-001
  5.772960   0.449395E+000  -0.296258E-001  -0.155699E-002  -0.422440E-001
  5.945921   0.402654E+000  -0.242032E-001  -0.803888E-003  -0.469872E-001
  6.115380   0.353089E+000  -0.199898E-001  -0.447849E-005  -0.464538E-001
  6.283185   0.304830E+000  -0.170327E-001   0.696039E-003  -0.424752E-001
  6.450985   0.260125E+000  -0.151088E-001   0.120513E-002  -0.372711E-001
  6.620427   0.219490E+000  -0.138285E-001   0.148446E-002  -0.325501E-001
  6.793357   0.182308E+000  -0.127570E-001   0.154124E-002  -0.290821E-001
  6.972041   0.147567E+000  -0.115240E-001   0.141499E-002  -0.267013E-001
  7.159379   0.114535E+000  -0.990301E-002   0.116394E-002  -0.246045E-001
  7.359025   0.832841E-001  -0.786026E-002   0.853679E-003  -0.218113E-001
  7.574914   0.549950E-001  -0.557497E-002   0.548352E-003  -0.176988E-001
  7.808673   0.318598E-001  -0.341369E-002   0.301453E-003  -0.125187E-001
  8.053605   0.159458E-001  -0.177854E-002   0.141475E-003  -0.750455E-002
  8.293516   0.711076E-002  -0.814838E-003   0.592469E-004  -0.389430E-002
  8.515953   0.297390E-002  -0.346840E-003   0.234903E-004  -0.184074E-002
  8.719419   0.120086E-002  -0.141701E-003   0.908858E-005  -0.821064E-003
  8.907757   0.471172E-003  -0.560495E-004   0.344841E-005  -0.350136E-003
  9.085524   0.179006E-003  -0.214182E-004   0.127638E-005  -0.142935E-003
  9.256720   0.653975E-004  -0.785872E-005   0.457068E-006  -0.556539E-004
  9.424777   0.227816E-004  -0.274663E-005   0.156853E-006  -0.205389E-004
  9.592823   0.749014E-005  -0.905334E-006   0.510196E-007  -0.712217E-005
  9.763988   0.229388E-005  -0.277816E-006   0.155157E-007  -0.229307E-005
  9.941700   0.642846E-006  -0.779796E-007   0.433217E-008  -0.674065E-006
 10.129957   0.160871E-006  -0.195390E-007   0.108349E-008  -0.176699E-006
 10.333310   0.348323E-007  -0.423494E-008   0.235182E-009  -0.400548E-007
 10.555607   0.633496E-008  -0.770827E-009   0.430107E-010  -0.762572E-008
 10.795404   0.975881E-009  -0.118816E-009   0.668228E-011  -0.122879E-008
 11.040370   0.140025E-009  -0.170556E-010   0.969101E-012  -0.183889E-009
 11.274259   0.213674E-010  -0.260336E-011   0.149601E-012  -0.291207E-010
 11.490269   0.368875E-011  -0.449505E-012   0.261256E-013  -0.519019E-011
 11.690009   0.715017E-012  -0.871397E-013   0.512106E-014  -0.103437E-011
 11.877414   0.151018E-012  -0.184058E-013   0.109341E-014  -0.223938E-012
 12.056145   0.337160E-013  -0.410938E-014   0.246710E-015  -0.511362E-013
 12.229107   0.775506E-014  -0.945216E-015   0.573420E-016  -0.120115E-013
 12.398566   0.179897E-014  -0.219264E-015   0.134410E-016  -0.284234E-014
 12.566371   0.413149E-015  -0.503552E-016   0.311929E-017  -0.665383E-015
 12.734170   0.922826E-016  -0.112473E-016   0.704170E-018  -0.151422E-015
 12.903612   0.196675E-016  -0.239697E-017   0.151715E-018  -0.328718E-016
 13.076542   0.390830E-017  -0.476300E-018   0.304897E-019  -0.665392E-017
 13.255226   0.702787E-018  -0.856435E-019   0.554782E-020  -0.121918E-017
 13.442564   0.109838E-018  -0.133844E-019   0.878070E-021  -0.194283E-018
 13.642210   0.141407E-019  -0.172299E-020   0.114603E-021  -0.255300E-019
 13.858099   0.140608E-020  -0.171311E-021   0.115694E-022  -0.259500E-020
 14.091859   0.102934E-021  -0.125399E-022   0.861259E-024  -0.194512E-021
 14.336790   0.579775E-023  -0.706232E-024   0.493889E-025  -0.112288E-022
 14.576701   0.298919E-024  -0.364076E-025   0.259256E-026  -0.592994E-024
 14.799139   0.165907E-025  -0.202050E-026   0.146363E-027  -0.336518E-025
 15.002604   0.103692E-026  -0.126268E-027   0.929396E-029  -0.214637E-026
 15.190942   0.712836E-028  -0.867958E-029   0.648516E-030  -0.150348E-027
 15.368710   0.518584E-029  -0.631378E-030   0.478547E-031  -0.111322E-028
 15.539906   0.385029E-030  -0.468734E-031   0.360222E-032  -0.840554E-030
 15.707962   0.282544E-031  -0.343940E-032   0.267924E-033  -0.626951E-031
 15.876008   0.198780E-032  -0.241955E-033   0.191027E-034  -0.448184E-032
 16.047173   0.129792E-033  -0.157969E-034   0.126409E-035  -0.297312E-033
 16.224886   0.756710E-035  -0.920915E-036   0.747068E-037  -0.176123E-034
 16.413143   0.375233E-036  -0.456620E-037   0.375666E-038  -0.887660E-036
 16.616496   0.149274E-037  -0.181635E-038   0.151643E-039  -0.359115E-037
 16.838792   0.453652E-039  -0.551950E-040   0.467986E-041  -0.111069E-038
 17.078590   0.108565E-040  -0.132078E-041   0.113792E-042  -0.270640E-040
 17.323555   0.248164E-042  -0.301883E-043   0.264205E-044  -0.629596E-042
 17.557444   0.692955E-044  -0.842891E-045   0.748417E-046  -0.178644E-043
 17.773455   0.260518E-045  -0.316865E-046   0.284997E-047  -0.681230E-045
 17.973194   0.127670E-046  -0.155274E-047   0.141281E-048  -0.338107E-046
 18.160600   0.761921E-048  -0.926608E-049   0.852059E-050  -0.204123E-047
 18.339331   0.519744E-049  -0.632054E-050   0.586962E-051  -0.140746E-048
 18.512292   0.385016E-050  -0.468190E-051   0.438884E-052  -0.105328E-049
 18.681751   0.297304E-051  -0.361514E-052   0.341967E-053  -0.821341E-051
 18.849556   0.231247E-052  -0.281178E-053   0.268345E-054  -0.644993E-052
 19.017355   0.175548E-053  -0.213444E-054   0.205502E-055  -0.494295E-053
 19.186797   0.125876E-054  -0.153042E-055   0.148654E-056  -0.357806E-054
 19.359728   0.820599E-056  -0.997659E-057   0.977804E-058  -0.235513E-055
 19.538411   0.463373E-057  -0.563330E-058   0.557270E-059  -0.134314E-056
 19.725749   0.212612E-058  -0.258464E-059   0.258193E-060  -0.622721E-058
 19.925395   0.729127E-060  -0.886331E-061   0.894722E-062  -0.215944E-059
 20.141285   0.169469E-061  -0.205997E-062   0.210336E-063  -0.508022E-061
 20.375044   0.249542E-063  -0.303312E-064   0.313598E-065  -0.758004E-063
 20.619975   0.252595E-065  -0.307007E-066   0.321654E-067  -0.778071E-065
 20.859887   0.233052E-067  -0.283238E-068   0.300685E-069  -0.727871E-067
 21.082324   0.252372E-069  -0.306704E-070   0.329656E-071  -0.798512E-069
 21.285789   0.341680E-071  -0.415219E-072   0.451452E-073  -0.109415E-070
 21.474128   0.553945E-073  -0.673142E-074   0.739804E-075  -0.179392E-072
 21.651895   0.100858E-074  -0.122556E-075   0.136079E-076  -0.330127E-074
 21.823091   0.194540E-076  -0.236383E-077   0.265075E-078  -0.643344E-076
 21.991147   0.378006E-078  -0.459295E-079   0.520049E-080  -0.126268E-077
 22.159194   0.706240E-080  -0.858085E-081   0.980943E-082  -0.238265E-079
 22.330358   0.120870E-081  -0.146853E-082   0.169499E-083  -0.411855E-081
 22.508071   0.179099E-083  -0.217592E-084   0.253605E-085  -0.616444E-083
 22.696328   0.214255E-085  -0.260295E-086   0.306436E-087  -0.745127E-085
 22.899681   0.190530E-087  -0.231464E-088   0.275366E-089  -0.669819E-087
 23.121977   0.117800E-089  -0.143103E-090   0.172137E-091  -0.418868E-089
 23.361775   0.531856E-092  -0.646073E-093   0.786112E-094  -0.191357E-091
 23.606741   0.232282E-094  -0.282156E-095   0.347204E-096  -0.845456E-094
 23.840630   0.139260E-096  -0.169155E-097   0.210323E-098  -0.512298E-096
 24.056640   0.130777E-098  -0.158847E-099   0.199348E-100  -0.485689E-098
 24.256379   0.182482E-100  -0.221645E-101   0.280486E-102  -0.683525E-100
 24.443785   0.341919E-102  -0.415290E-103   0.529567E-104  -0.129077E-101
 24.622516   0.784177E-104  -0.952431E-105   0.122322E-105  -0.298202E-103
 24.795477   0.204418E-105  -0.248274E-106   0.321037E-107  -0.782769E-105
 24.964936   0.571198E-107  -0.693730E-108   0.902967E-109  -0.220200E-106
 25.132741   0.162979E-108  -0.197938E-109   0.259307E-110  -0.632447E-108
 25.300541   0.454321E-110  -0.551762E-111   0.727479E-112  -0.177457E-109
 25.469982   0.118249E-111  -0.143608E-112   0.190568E-113  -0.464927E-111
 25.642913   0.272730E-113  -0.331213E-114   0.442417E-115  -0.107951E-112
 25.821597   0.521917E-115  -0.633825E-116   0.852412E-117  -0.208021E-114
 26.008934   0.760273E-117  -0.923271E-118   0.125062E-118  -0.305242E-116
 26.208581   0.753728E-119  -0.915306E-120   0.124942E-120  -0.304996E-118
 26.424470   0.446642E-121  -0.542379E-122   0.746626E-123  -0.182288E-120
 26.658229   0.145075E-123  -0.176168E-124   0.244760E-125  -0.597682E-123
 26.903161   0.290166E-126  -0.352347E-127   0.494373E-128  -0.120742E-125
 27.143072   0.524843E-129  -0.637301E-130   0.902988E-131  -0.220576E-128
 27.365509   0.120519E-131  -0.146340E-132   0.209273E-133  -0.511278E-131
 27.568975   0.381019E-134  -0.462642E-135   0.667310E-136  -0.163053E-133
 27.757313   0.156009E-136  -0.189427E-137   0.275441E-138  -0.673108E-136
 27.935080   0.757574E-139  -0.919836E-140   0.134784E-140  -0.329416E-138
 28.106276   0.403085E-141  -0.489413E-142   0.722501E-143  -0.176600E-140
 28.274333   0.219634E-143  -0.266670E-144   0.396559E-145  -0.969400E-143
