 nmodes=            4  nfields=            2  max_plot=          289
 ky=   3.7136940991141176E-002   width=    1.000000000000000     
 theta     ((Re(field_i), Im(field_i),i=(1,nfields)),j=1,nmodes)
Tearing metric:  [   0.184766E-003   0.150652E-003   0.199653E+001   0.199617E+001 ]
DEP: [   0.580264E-003   0.167663E-002   0.149731E-002   0.564022E-004]
chi_th: [  -0.440005E+002  -0.191631E+003  -0.347551E+003   0.517552E+001]
chi_i: [  -0.243260E+003  -0.714637E+003  -0.165010E+004  -0.463488E+001]
chi_i_cond: [  -0.140007E+003  -0.447848E+003  -0.101975E+004   0.114587E+001]
chi_e: [   0.205767E+003   0.541545E+003   0.268710E+003   0.295873E+002]
chi_e_cond: [   0.115956E+002  -0.432595E+002   0.417138E+002   0.750904E+001]
i_QL_cond_flux: [  -0.810764E-004  -0.259344E-003  -0.590528E-003   0.663564E-006]
e_QL_cond_flux: [   0.115956E-004  -0.432595E-004   0.417138E-004   0.750904E-005]
QL_ratio: [   0.818259E+002   0.576073E+002   0.167446E+002   0.162278E+004]
EP QL convective fraction: [   0.587579E+000   0.753891E+000   0.101724E+001   0.351868E+000]
<theta^2>: [   0.192679E+002   0.840410E+001   0.288822E+002   0.181356E+002]
 Mode kept T/F for each mode:    T  F  F  F
 Theta      Re(phi)        Im(phi)        Re(B_per)        Im(B_per)
-28.274335  -0.541358E-143  -0.426240E-144   0.351870E-143  -0.229075E-142
-28.107505  -0.103636E-140  -0.816000E-142   0.668667E-141  -0.435288E-140
-27.937649  -0.202005E-138  -0.159058E-139   0.129362E-138  -0.842058E-138
-27.761450  -0.426723E-136  -0.336011E-137   0.271162E-136  -0.176496E-135
-27.575051  -0.105041E-133  -0.827141E-135   0.662107E-134  -0.430924E-133
-27.374027  -0.326703E-131  -0.257269E-132   0.204171E-131  -0.132871E-130
-27.154376  -0.136433E-128  -0.107441E-129   0.844830E-129  -0.549753E-128
-26.916402  -0.723688E-126  -0.569924E-127   0.443779E-126  -0.288751E-125
-26.670529  -0.363925E-123  -0.286612E-124   0.220975E-123  -0.143766E-122
-26.433132  -0.117913E-120  -0.928665E-122   0.709301E-121  -0.461426E-120
-26.213060  -0.209896E-118  -0.165316E-119   0.125188E-118  -0.814320E-118
-26.010061  -0.218472E-116  -0.172076E-117   0.129292E-116  -0.840948E-116
-25.820594  -0.150753E-114  -0.118741E-115   0.885741E-115  -0.576065E-114
-25.640972  -0.773599E-113  -0.609344E-114   0.451441E-113  -0.293585E-112
-25.468093  -0.323402E-111  -0.254741E-112   0.187493E-111  -0.121923E-110
-25.299409  -0.118310E-109  -0.931943E-111   0.681531E-110  -0.443156E-109
-25.132741  -0.401618E-108  -0.316367E-109   0.229890E-108  -0.149472E-107
-24.966080  -0.133261E-106  -0.104976E-107   0.757938E-107  -0.492768E-106
-24.797418  -0.454636E-105  -0.358148E-106   0.256896E-105  -0.167007E-104
-24.624576  -0.168380E-103  -0.132648E-104   0.945022E-104  -0.614305E-103
-24.445010  -0.721371E-102  -0.568302E-103   0.401977E-102  -0.261280E-101
-24.255622  -0.386417E-100  -0.304431E-101   0.213676E-100  -0.138874E-099
-24.052727  -0.284357E-098  -0.224032E-099   0.155916E-098  -0.101324E-097
-23.832786  -0.316481E-096  -0.249349E-097   0.171897E-096  -0.111697E-095
-23.595512  -0.549730E-094  -0.433139E-095   0.295451E-094  -0.191955E-093
-23.349645  -0.126356E-091  -0.995612E-093   0.671401E-092  -0.436148E-091
-23.111542  -0.271501E-089  -0.213936E-090   0.142610E-089  -0.926270E-089
-22.891749  -0.427266E-087  -0.336688E-088   0.221945E-087  -0.144135E-086
-22.690612  -0.477370E-085  -0.376184E-086   0.245354E-085  -0.159314E-084
-22.504132  -0.403967E-083  -0.318350E-084   0.205517E-083  -0.133428E-082
-22.327877  -0.279355E-081  -0.220156E-082   0.140713E-081  -0.913429E-081
-22.157990  -0.168336E-079  -0.132667E-080   0.839618E-080  -0.544955E-079
-21.991150  -0.931275E-078  -0.733971E-079   0.459950E-078  -0.298489E-077
-21.824320  -0.494795E-076  -0.389978E-077   0.241957E-076  -0.156997E-075
-21.654464  -0.263636E-074  -0.207793E-075   0.127615E-074  -0.827920E-074
-21.478264  -0.147567E-072  -0.116313E-073   0.706827E-073  -0.458492E-072
-21.291865  -0.915365E-071  -0.721521E-072   0.433632E-071  -0.281233E-070
-21.090841  -0.667477E-069  -0.526144E-070   0.312504E-069  -0.202638E-068
-20.871190  -0.597312E-067  -0.470851E-068   0.276138E-067  -0.179020E-066
-20.633216  -0.627751E-065  -0.494862E-066   0.286325E-065  -0.185584E-064
-20.387344  -0.622793E-063  -0.490969E-064   0.280198E-063  -0.181570E-062
-20.149946  -0.439103E-061  -0.346170E-062   0.194992E-061  -0.126328E-060
-19.929875  -0.196417E-059  -0.154850E-060   0.861839E-060  -0.558236E-059
-19.726875  -0.585849E-058  -0.461878E-059   0.254255E-058  -0.164655E-057
-19.537409  -0.128117E-056  -0.101008E-057   0.550376E-057  -0.356358E-056
-19.357787  -0.223841E-055  -0.176480E-056   0.952352E-056  -0.616519E-055
-19.184908  -0.334323E-054  -0.263588E-055   0.140921E-054  -0.912112E-054
-19.016224  -0.449961E-053  -0.354764E-054   0.187937E-053  -0.121621E-052
-18.849556  -0.569588E-052  -0.449086E-053   0.235744E-052  -0.152533E-051
-18.682895  -0.704119E-051  -0.555159E-052   0.288754E-051  -0.186798E-050
-18.514232  -0.881308E-050  -0.694867E-051   0.358022E-050  -0.231565E-049
-18.341391  -0.116054E-048  -0.915035E-050   0.466845E-049  -0.301890E-048
-18.161825  -0.168074E-047  -0.132518E-048   0.669087E-048  -0.432580E-047
-17.972436  -0.282479E-046  -0.222722E-047   0.111192E-046  -0.718714E-046
-17.769541  -0.587528E-045  -0.463236E-046   0.228408E-045  -0.147598E-044
-17.549600  -0.161261E-043  -0.127145E-044   0.618220E-044  -0.399373E-043
-17.312327  -0.594262E-042  -0.468531E-043   0.224264E-042  -0.144825E-041
-17.066460  -0.260710E-040  -0.205545E-041   0.967194E-041  -0.624355E-040
-16.828357  -0.106703E-038  -0.841219E-040   0.389010E-039  -0.251017E-038
-16.608563  -0.344680E-037  -0.271722E-038   0.123547E-037  -0.796891E-037
-16.407427  -0.862950E-036  -0.680252E-037   0.304312E-036  -0.196206E-035
-16.220946  -0.175547E-034  -0.138372E-035   0.609336E-035  -0.392716E-034
-16.044692  -0.306183E-033  -0.241325E-034   0.104639E-033  -0.674132E-033
-15.874805  -0.478818E-032  -0.377359E-033   0.161124E-032  -0.103761E-031
-15.707964  -0.695798E-031  -0.548308E-032   0.230514E-031  -0.148386E-030
-15.541134  -0.968349E-030  -0.762998E-031   0.315746E-030  -0.203163E-029
-15.371279  -0.132768E-028  -0.104599E-029   0.425867E-029  -0.273895E-028
-15.195079  -0.184717E-027  -0.145503E-028   0.582434E-028  -0.374408E-027
-15.008680  -0.269576E-026  -0.212308E-027   0.834705E-027  -0.536294E-026
-14.807656  -0.427587E-025  -0.336676E-026   0.129833E-025  -0.833687E-025
-14.588005  -0.754832E-024  -0.594180E-025   0.224373E-024  -0.143981E-023
-14.350031  -0.143553E-022  -0.112963E-023   0.417020E-023  -0.267411E-022
-14.104158  -0.255520E-021  -0.200990E-022   0.724894E-022  -0.464479E-021
-13.866761  -0.357162E-020  -0.280819E-021   0.990288E-021  -0.634052E-020
-13.646690  -0.367705E-019  -0.288980E-020   0.997999E-020  -0.638527E-019
-13.443690  -0.289398E-018  -0.227334E-019   0.770056E-019  -0.492350E-018
-13.254223  -0.185429E-017  -0.145593E-018   0.484282E-018  -0.309432E-017
-13.074602  -0.102231E-016  -0.802292E-018   0.262256E-017  -0.167460E-016
-12.901723  -0.506147E-016  -0.397012E-017   0.127591E-016  -0.814197E-016
-12.733039  -0.232511E-015  -0.182276E-016   0.576018E-016  -0.367336E-015
-12.566371  -0.101698E-014  -0.796779E-016   0.247563E-015  -0.157771E-014
-12.399709  -0.432951E-014  -0.338983E-015   0.103516E-014  -0.659248E-014
-12.231047  -0.183093E-013  -0.143249E-014   0.429658E-014  -0.273430E-013
-12.058205  -0.785290E-013  -0.613883E-014   0.180673E-013  -0.114889E-012
-11.878640  -0.349566E-012  -0.272999E-013   0.787296E-013  -0.500206E-012
-11.689251  -0.165894E-011  -0.129407E-012   0.364961E-012  -0.231654E-011
-11.486356  -0.865345E-011  -0.674052E-012   0.185401E-011  -0.117552E-010
-11.266415  -0.510008E-010  -0.396545E-011   0.105990E-010  -0.671152E-010
-11.029142  -0.339344E-009  -0.263232E-010   0.680761E-010  -0.430413E-009
-10.783275  -0.236840E-008  -0.183176E-009   0.456617E-009  -0.288192E-008
-10.545172  -0.152157E-007  -0.117265E-008   0.281246E-008  -0.177172E-007
-10.325378  -0.829262E-007  -0.636522E-008   0.146865E-007  -0.923376E-007
-10.124242  -0.382335E-006  -0.292141E-007   0.648654E-007  -0.407018E-006
 -9.937761  -0.153400E-005  -0.116613E-006   0.249149E-006  -0.156019E-005
 -9.761507  -0.551320E-005  -0.416653E-006   0.856070E-006  -0.534950E-005
 -9.591619  -0.181507E-004  -0.136243E-005   0.268861E-005  -0.167637E-004
 -9.424779  -0.556380E-004  -0.414307E-005   0.783776E-005  -0.487540E-004
 -9.257949  -0.160712E-003  -0.118537E-004   0.214401E-004  -0.133027E-003
 -9.088093  -0.441483E-003  -0.321869E-004   0.554617E-004  -0.343159E-003
 -8.911894  -0.116188E-002  -0.834936E-004   0.136390E-003  -0.841266E-003
 -8.725495  -0.294583E-002  -0.207817E-003   0.319656E-003  -0.196465E-002
 -8.524471  -0.721078E-002  -0.496442E-003   0.712172E-003  -0.435871E-002
 -8.304820  -0.169228E-001  -0.112701E-002   0.148760E-002  -0.905741E-002
 -8.066846  -0.370594E-001  -0.235746E-002   0.281204E-002  -0.170065E-001
 -7.820973  -0.720927E-001  -0.431480E-002   0.455598E-002  -0.273008E-001
 -7.583576  -0.120277E+000  -0.668322E-002   0.611708E-002  -0.361606E-001
 -7.363504  -0.173783E+000  -0.890235E-002   0.690130E-002  -0.399002E-001
 -7.160505  -0.224845E+000  -0.106671E-001   0.681448E-002  -0.378631E-001
 -6.971038  -0.269338E+000  -0.121294E-001   0.623849E-002  -0.322311E-001
 -6.791416  -0.307188E+000  -0.138530E-001   0.579113E-002  -0.265931E-001
 -6.618537  -0.341656E+000  -0.166766E-001   0.608063E-002  -0.245492E-001
 -6.449854  -0.378220E+000  -0.215224E-001   0.749115E-002  -0.285600E-001
 -6.283185  -0.423146E+000  -0.291471E-001   0.100107E-001  -0.390939E-001
 -6.116524  -0.481811E+000  -0.398380E-001   0.131306E-001  -0.542122E-001
 -5.947862  -0.556928E+000  -0.530784E-001   0.158627E-001  -0.697929E-001
 -5.775020  -0.647022E+000  -0.672424E-001   0.169269E-001  -0.805681E-001
 -5.595454  -0.745674E+000  -0.794313E-001   0.151539E-001  -0.819879E-001
 -5.406066  -0.842144E+000  -0.856786E-001   0.101017E-001  -0.724916E-001
 -5.203171  -0.923805E+000  -0.819544E-001   0.272691E-002  -0.548254E-001
 -4.983230  -0.979385E+000  -0.665745E-001  -0.445584E-002  -0.337632E-001
 -4.745957  -0.999039E+000  -0.436876E-001  -0.875961E-002  -0.978334E-002
 -4.500089  -0.972589E+000  -0.232289E-001  -0.977372E-002   0.185755E-001
 -4.261987  -0.905427E+000  -0.122861E-001  -0.879682E-002   0.389741E-001
 -4.042193  -0.828388E+000  -0.981204E-002  -0.680301E-002   0.415804E-001
 -3.841056  -0.761269E+000  -0.117866E-001  -0.530153E-002   0.408804E-001
 -3.654576  -0.695339E+000  -0.146840E-001  -0.540052E-002   0.500750E-001
 -3.478321  -0.618623E+000  -0.161038E-001  -0.631370E-002   0.615045E-001
 -3.308434  -0.535137E+000  -0.153407E-001  -0.675023E-002   0.631915E-001
 -3.141594  -0.454508E+000  -0.131899E-001  -0.691583E-002   0.591386E-001
 -2.974764  -0.373951E+000  -0.107382E-001  -0.786654E-002   0.623896E-001
 -2.804908  -0.281771E+000  -0.841236E-002  -0.921237E-002   0.726933E-001
 -2.628708  -0.177945E+000  -0.618983E-002  -0.906189E-002   0.748614E-001
 -2.442309  -0.782291E-001  -0.431843E-002  -0.694780E-002   0.642880E-001
 -2.241285   0.104030E-001  -0.355798E-002  -0.496319E-002   0.576847E-001
 -2.021634   0.101230E+000  -0.527531E-002  -0.399385E-002   0.604352E-001
 -1.783660   0.193631E+000  -0.112475E-001  -0.239325E-002   0.526261E-001
 -1.537788   0.270802E+000  -0.205547E-001  -0.177793E-002   0.428273E-001
 -1.300390   0.346399E+000  -0.283257E-001  -0.362370E-002   0.492999E-001
 -1.080319   0.427929E+000  -0.317079E-001  -0.509403E-002   0.528303E-001
 -0.877319   0.502420E+000  -0.309006E-001  -0.615029E-002   0.489288E-001
 -0.687853   0.570667E+000  -0.263365E-001  -0.860816E-002   0.519039E-001
 -0.508231   0.643119E+000  -0.186911E-001  -0.116062E-001   0.619771E-001
 -0.335352   0.718525E+000  -0.985344E-002  -0.120412E-001   0.628003E-001
 -0.166668   0.778937E+000  -0.273355E-002  -0.782349E-002   0.408575E-001
  0.000000   0.802314E+000   0.137041E-015  -0.163568E-005  -0.468190E-005
  0.166661   0.778927E+000  -0.272921E-002   0.782028E-002  -0.408647E-001
  0.335324   0.718517E+000  -0.984431E-002   0.120386E-001  -0.628049E-001
  0.508165   0.643127E+000  -0.186773E-001   0.116056E-001  -0.619840E-001
  0.687731   0.570692E+000  -0.263202E-001   0.860955E-002  -0.519114E-001
  0.877119   0.502469E+000  -0.308849E-001   0.615157E-002  -0.489270E-001
  1.080015   0.428022E+000  -0.316966E-001   0.509507E-002  -0.528266E-001
  1.299956   0.346536E+000  -0.283239E-001   0.362761E-002  -0.493163E-001
  1.537229   0.270955E+000  -0.205638E-001   0.178005E-002  -0.428246E-001
  1.783096   0.193815E+000  -0.112543E-001   0.238905E-002  -0.525918E-001
  2.021199   0.101403E+000  -0.526959E-002   0.399175E-002  -0.604369E-001
  2.240992   0.105186E-001  -0.354522E-002   0.496139E-002  -0.576851E-001
  2.442129  -0.781544E-001  -0.430434E-002   0.694542E-002  -0.642752E-001
  2.628610  -0.177908E+000  -0.617643E-002   0.906123E-002  -0.748580E-001
  2.804864  -0.281768E+000  -0.839979E-002   0.921266E-002  -0.726956E-001
  2.974751  -0.373966E+000  -0.107262E-001   0.786663E-002  -0.623900E-001
  3.141592  -0.454530E+000  -0.131781E-001   0.691580E-002  -0.591385E-001
  3.308422  -0.535157E+000  -0.153287E-001   0.675020E-002  -0.631915E-001
  3.478277  -0.618626E+000  -0.160914E-001   0.631391E-002  -0.615067E-001
  3.654477  -0.695318E+000  -0.146726E-001   0.540106E-002  -0.500826E-001
  3.840876  -0.761223E+000  -0.117770E-001   0.530098E-002  -0.408839E-001
  4.041900  -0.828300E+000  -0.980099E-002   0.680021E-002  -0.415758E-001
  4.261551  -0.905292E+000  -0.122629E-001   0.879395E-002  -0.389961E-001
  4.499525  -0.972486E+000  -0.231804E-001   0.977395E-002  -0.186405E-001
  4.745398  -0.999048E+000  -0.436243E-001   0.876613E-002   0.972414E-002
  4.982795  -0.979474E+000  -0.665284E-001   0.446847E-002   0.337254E-001
  5.202866  -0.923913E+000  -0.819360E-001  -0.271467E-002   0.548014E-001
  5.405866  -0.842230E+000  -0.856773E-001  -0.100944E-001   0.724819E-001
  5.595332  -0.745719E+000  -0.794347E-001  -0.151513E-001   0.819893E-001
  5.774954  -0.647029E+000  -0.672442E-001  -0.169265E-001   0.805733E-001
  5.947833  -0.556912E+000  -0.530778E-001  -0.158627E-001   0.697967E-001
  6.116517  -0.481787E+000  -0.398364E-001  -0.131304E-001   0.542136E-001
  6.283185  -0.423123E+000  -0.291462E-001  -0.100104E-001   0.390943E-001
  6.449847  -0.378200E+000  -0.215228E-001  -0.749099E-002   0.285604E-001
  6.618509  -0.341639E+000  -0.166782E-001  -0.608060E-002   0.245494E-001
  6.791350  -0.307175E+000  -0.138554E-001  -0.579097E-002   0.265917E-001
  6.970916  -0.269335E+000  -0.121321E-001  -0.623802E-002   0.322271E-001
  7.160305  -0.224863E+000  -0.106703E-001  -0.681402E-002   0.378587E-001
  7.363200  -0.173831E+000  -0.890660E-002  -0.690181E-002   0.399015E-001
  7.583141  -0.120354E+000  -0.668873E-002  -0.611960E-002   0.361743E-001
  7.820414  -0.721736E-001  -0.432054E-002  -0.456025E-002   0.273257E-001
  8.066281  -0.371129E-001  -0.236149E-002  -0.281594E-002   0.170298E-001
  8.304384  -0.169452E-001  -0.112889E-002  -0.148976E-002   0.907043E-002
  8.524178  -0.721753E-002  -0.497104E-003  -0.713035E-003   0.436396E-002
  8.725314  -0.294725E-002  -0.208009E-003  -0.319933E-003   0.196635E-002
  8.911795  -0.116195E-002  -0.835382E-004  -0.136462E-003   0.841710E-003
  9.088049  -0.441362E-003  -0.321940E-004  -0.554757E-004   0.343246E-003
  9.257937  -0.160631E-003  -0.118539E-004  -0.214416E-004   0.133037E-003
  9.424777  -0.556045E-004  -0.414279E-005  -0.783777E-005   0.487542E-004
  9.591607  -0.181406E-004  -0.136242E-005  -0.268881E-005   0.167650E-004
  9.761463  -0.551139E-005  -0.416753E-006  -0.856346E-006   0.535123E-005
  9.937662  -0.153417E-005  -0.116694E-006  -0.249342E-006   0.156140E-005
 10.124061  -0.382640E-006  -0.292550E-007  -0.649611E-007   0.407618E-006
 10.325085  -0.830724E-007  -0.638038E-008  -0.147224E-007   0.925636E-007
 10.544736  -0.152603E-007  -0.117684E-008  -0.282266E-008   0.177814E-007
 10.782710  -0.237756E-008  -0.184006E-009  -0.458711E-009   0.289513E-008
 11.028583  -0.340633E-009  -0.264412E-010  -0.683866E-010   0.432375E-009
 11.265980  -0.511452E-010  -0.397947E-011  -0.106377E-010   0.673598E-010
 11.486052  -0.866834E-011  -0.675698E-012  -0.185880E-011   0.117855E-010
 11.689051  -0.166025E-011  -0.129605E-012  -0.365579E-012   0.232047E-011
 11.878518  -0.349597E-012  -0.273228E-013  -0.788101E-013   0.500718E-012
 12.058140  -0.784963E-013  -0.614096E-014  -0.180772E-013   0.114952E-012
 12.231019  -0.182954E-013  -0.143252E-014  -0.429756E-014   0.273493E-013
 12.399702  -0.432538E-014  -0.338927E-015  -0.103522E-014   0.659283E-014
 12.566371  -0.101594E-014  -0.796601E-016  -0.247564E-015   0.157771E-014
 12.733032  -0.232281E-015  -0.182243E-016  -0.576049E-016   0.367356E-015
 12.901694  -0.505737E-016  -0.397016E-017  -0.127623E-016   0.814399E-016
 13.074536  -0.102184E-016  -0.802592E-018  -0.262416E-017   0.167563E-016
 13.254102  -0.185449E-017  -0.145733E-018  -0.484862E-018   0.309803E-017
 13.443490  -0.289681E-018  -0.227752E-019  -0.771655E-019   0.493373E-018
 13.646385  -0.368521E-019  -0.289874E-020  -0.100132E-019   0.640653E-019
 13.866326  -0.358535E-020  -0.282150E-021  -0.995208E-021   0.637202E-020
 14.103599  -0.256920E-021  -0.202274E-022  -0.729691E-022   0.467553E-021
 14.349466  -0.144409E-022  -0.113741E-023  -0.419993E-023   0.269318E-022
 14.587569  -0.758487E-024  -0.597622E-025  -0.225730E-024   0.144852E-023
 14.807363  -0.428927E-025  -0.338057E-026  -0.130402E-025   0.837339E-025
 15.008500  -0.269992E-026  -0.212844E-027  -0.837062E-027   0.537808E-026
 15.194980  -0.184768E-027  -0.145689E-028  -0.583358E-028   0.375002E-027
 15.371235  -0.132683E-028  -0.104638E-029  -0.426167E-029   0.274088E-028
 15.541122  -0.967200E-030  -0.762877E-031  -0.315802E-030   0.203200E-029
 15.707962  -0.694833E-031  -0.548119E-032  -0.230514E-031   0.148386E-030
 15.874792  -0.478232E-032  -0.377296E-033  -0.161154E-032   0.103781E-031
 16.044648  -0.305977E-033  -0.241422E-034  -0.104718E-033   0.674640E-033
 16.220847  -0.175601E-034  -0.138565E-035  -0.610404E-035   0.393405E-034
 16.407247  -0.864478E-036  -0.682209E-037  -0.305295E-036   0.196841E-035
 16.608271  -0.345965E-037  -0.273041E-038  -0.124191E-037   0.801042E-037
 16.827922  -0.107343E-038  -0.847220E-040  -0.391923E-039   0.252897E-038
 17.065896  -0.262715E-040  -0.207365E-041  -0.976104E-041   0.630106E-040
 17.311768  -0.598643E-042  -0.472539E-043  -0.226265E-042   0.146118E-041
 17.549166  -0.162131E-043  -0.127983E-044  -0.622531E-044   0.402159E-043
 17.769237  -0.589429E-045  -0.465295E-046  -0.229516E-045   0.148313E-044
 17.972236  -0.282900E-046  -0.223326E-047  -0.111540E-046   0.720961E-046
 18.161703  -0.168108E-047  -0.132709E-048  -0.670332E-048   0.433385E-047
 18.341325  -0.115973E-048  -0.915532E-050  -0.467302E-049   0.302186E-048
 18.514204  -0.880169E-050  -0.694841E-051  -0.358167E-050   0.231659E-049
 18.682888  -0.702975E-051  -0.554960E-052  -0.288780E-051   0.186815E-050
 18.849556  -0.568603E-052  -0.448883E-053  -0.235744E-052   0.152533E-051
 19.016217  -0.449217E-053  -0.354634E-054  -0.187954E-053   0.121632E-052
 19.184880  -0.333875E-054  -0.263578E-055  -0.140980E-054   0.912496E-054
 19.357721  -0.223676E-055  -0.176581E-056  -0.953338E-056   0.617159E-055
 19.537287  -0.128145E-056  -0.101164E-057  -0.551484E-057   0.357075E-056
 19.726675  -0.586816E-058  -0.463259E-059  -0.255134E-058   0.165225E-057
 19.929571  -0.197137E-059  -0.155628E-060  -0.866572E-060   0.561303E-059
 20.149511  -0.441858E-061  -0.348818E-062  -0.196575E-061   0.127354E-060
 20.386785  -0.628297E-063  -0.495993E-064  -0.283197E-063   0.183514E-062
 20.632652  -0.633724E-065  -0.500271E-066  -0.289592E-065   0.187701E-064
 20.870755  -0.601883E-067  -0.475128E-068  -0.278782E-067   0.180734E-066
 21.090548  -0.670758E-069  -0.529489E-070  -0.314649E-069   0.204029E-068
 21.291685  -0.917571E-071  -0.724310E-072  -0.435534E-071   0.282467E-070
 21.478166  -0.147632E-072  -0.116536E-073  -0.708554E-073   0.459613E-072
 21.654420  -0.263387E-074  -0.207905E-075  -0.127752E-074   0.828814E-074
 21.824307  -0.493919E-076  -0.389870E-077  -0.242022E-076   0.157040E-075
 21.991148  -0.929355E-078  -0.733565E-079  -0.459950E-078   0.298489E-077
 22.157978  -0.168032E-079  -0.132630E-080  -0.839848E-080   0.545105E-079
 22.327833  -0.279082E-081  -0.220279E-082  -0.140871E-081   0.914455E-081
 22.504033  -0.404159E-083  -0.318997E-084  -0.206051E-083   0.133775E-082
 22.690432  -0.478622E-085  -0.377762E-086  -0.246523E-085   0.160074E-084
 22.891456  -0.429603E-087  -0.339066E-088  -0.223640E-087   0.145235E-086
 23.111107  -0.273870E-089  -0.216148E-090  -0.144167E-089   0.936381E-089
 23.349081  -0.127762E-091  -0.100832E-092  -0.680362E-092   0.441969E-091
 23.594953  -0.555560E-094  -0.438449E-095  -0.299247E-094   0.194422E-093
 23.832351  -0.318922E-096  -0.251689E-097  -0.173613E-096   0.112812E-095
 24.052422  -0.285669E-098  -0.225441E-099  -0.156992E-098   0.102023E-097
 24.255422  -0.387237E-100  -0.305591E-101  -0.214622E-100   0.139489E-099
 24.444888  -0.721588E-102  -0.569437E-103  -0.403033E-102   0.261967E-101
 24.624510  -0.168218E-103  -0.132746E-104  -0.946321E-104   0.615150E-103
 24.797389  -0.453822E-105  -0.358121E-106  -0.257042E-105   0.167101E-104
 24.966073  -0.132961E-106  -0.104921E-107  -0.758031E-107   0.492829E-106
 25.132741  -0.400659E-108  -0.316161E-109  -0.229890E-108   0.149472E-107
 25.299402  -0.118040E-109  -0.931447E-111  -0.681616E-110   0.443211E-109
 25.468065  -0.322808E-111  -0.254721E-112  -0.187602E-111   0.121994E-110
 25.640906  -0.772822E-113  -0.609811E-114  -0.452086E-113   0.294005E-112
 25.820472  -0.150801E-114  -0.118991E-115  -0.888196E-115   0.577662E-114
 26.009861  -0.218970E-116  -0.172778E-117  -0.129906E-116   0.844942E-116
 26.212756  -0.210951E-118  -0.166448E-119  -0.126129E-118   0.820445E-118
 26.432697  -0.118923E-120  -0.938326E-122  -0.717160E-121   0.466540E-120
 26.669970  -0.368298E-123  -0.290589E-124  -0.224192E-123   0.145859E-122
 26.915837  -0.733013E-126  -0.578341E-127  -0.450638E-126   0.293214E-125
 27.153940  -0.137842E-128  -0.108754E-129  -0.855742E-129   0.556854E-128
 27.373734  -0.328862E-131  -0.259460E-132  -0.206054E-131   0.134097E-130
 27.574870  -0.105381E-133  -0.831401E-135  -0.665993E-134   0.433454E-133
 27.761351  -0.426982E-136  -0.336861E-137  -0.272046E-136   0.177071E-135
 27.937605  -0.201755E-138  -0.159169E-139  -0.129547E-138   0.843266E-138
 28.107492  -0.103394E-140  -0.815686E-142  -0.668905E-141   0.435443E-140
 28.274333  -0.539891E-143  -0.425921E-144  -0.351870E-143   0.229075E-142
