 nmodes=            1  nfields=            2  max_plot=          289
 ky=   2.9868936052869530E-002   width=    1.000000000000000     
 theta     ((Re(field_i), Im(field_i),i=(1,nfields)),j=1,nmodes)
Tearing metric:  [   0.111487E-003   0.174256E-003   0.199685E+001   0.199719E+001 ]
DEP: [   0.219552E-003   0.000000E+000   0.000000E+000   0.000000E+000]
chi_th: [   0.513819E+001   0.000000E+000   0.000000E+000   0.000000E+000]
chi_i: [   0.697402E+001   0.000000E+000   0.000000E+000   0.000000E+000]
chi_i_cond: [   0.210854E+001   0.000000E+000   0.000000E+000   0.000000E+000]
chi_e: [   0.352227E+002   0.000000E+000   0.000000E+000   0.000000E+000]
chi_e_cond: [   0.697876E+001   0.000000E+000   0.000000E+000   0.000000E+000]
i_QL_cond_flux: [   0.128099E-005   0.000000E+000   0.000000E+000   0.000000E+000]
e_QL_cond_flux: [   0.697876E-005   0.000000E+000   0.000000E+000   0.000000E+000]
QL_ratio: [   0.109079E+004             NaN             NaN             NaN]
EP QL convective fraction: [   0.377867E+000             NaN             NaN             NaN]
<theta^2>: [   0.104122E+002   0.162399E+002   0.132480E+002   0.271715E+002]
 Mode kept T/F for each mode:    T  F  F  F
 Theta      Re(phi)        Im(phi)        Re(B_per)        Im(B_per)
-28.274335   0.286359E-143  -0.674281E-144   0.917985E-144   0.815165E-143
-28.106272   0.507499E-141  -0.119483E-141   0.161497E-141   0.143411E-140
-27.935029   0.929417E-139  -0.218789E-139   0.293545E-139   0.260678E-138
-27.757081   0.190083E-136  -0.447398E-137   0.595688E-137   0.529002E-136
-27.568254   0.475488E-134  -0.111898E-134   0.147788E-134   0.131247E-133
-27.363680   0.161112E-131  -0.379088E-132   0.496352E-132   0.440809E-131
-27.139126   0.794425E-129  -0.186889E-129   0.242409E-129   0.215290E-128
-26.896317   0.515808E-126  -0.121320E-126   0.155792E-126   0.138367E-125
-26.649468   0.292048E-123  -0.686767E-124   0.873113E-124   0.775483E-123
-26.416100   0.930928E-121  -0.218870E-121   0.275683E-121   0.244864E-120
-26.202084   0.151672E-118  -0.356531E-119   0.445335E-119   0.395562E-118
-26.004628   0.142746E-116  -0.335495E-117   0.415891E-117   0.369419E-116
-25.819173   0.904072E-115  -0.212450E-115   0.261514E-115   0.232298E-114
-25.641826   0.436159E-113  -0.102479E-113   0.125307E-113   0.111311E-112
-25.469655   0.175642E-111  -0.412624E-112   0.501300E-112   0.445315E-111
-25.300505   0.631066E-110  -0.148231E-110   0.178950E-110   0.158969E-109
-25.132741   0.212664E-108  -0.499451E-109   0.599170E-109   0.532280E-108
-24.964982   0.700599E-107  -0.164514E-107   0.196113E-107   0.174223E-106
-24.795849   0.234908E-105  -0.551525E-106   0.653223E-106   0.580326E-105
-24.623707   0.839736E-104  -0.197124E-104   0.231921E-104   0.206045E-103
-24.446406   0.339676E-102  -0.797239E-103   0.931423E-103   0.827524E-102
-24.261022   0.168286E-100  -0.394903E-101   0.457923E-101   0.406854E-100
-24.063664   0.113265E-098  -0.265734E-099   0.305618E-099   0.271543E-098
-23.849780   0.116956E-096  -0.274329E-097   0.312606E-097   0.277762E-096
-23.616566   0.201537E-094  -0.472590E-095   0.532929E-095   0.473548E-094
-23.369776   0.516847E-092  -0.121160E-092   0.135063E-092   0.120020E-091
-23.126843   0.132516E-089  -0.310545E-090   0.342114E-090   0.304024E-089
-22.902128   0.239865E-087  -0.561933E-088   0.612072E-088   0.543953E-087
-22.697428   0.287125E-085  -0.672444E-086   0.724654E-086   0.644036E-085
-22.508510   0.245617E-083  -0.575062E-084   0.613444E-084   0.545223E-083
-22.330502   0.165229E-081  -0.386737E-082   0.408519E-082   0.363104E-081
-22.159224   0.947294E-080  -0.221660E-080   0.231896E-080   0.206126E-079
-21.991150   0.493879E-078  -0.115529E-078   0.119709E-078   0.106411E-077
-21.823086   0.247574E-076  -0.578955E-077   0.594100E-077   0.528127E-076
-21.651844   0.125892E-074  -0.294305E-075   0.299012E-075   0.265821E-074
-21.473896   0.688014E-073  -0.160787E-073   0.161675E-073   0.143736E-072
-21.285069   0.432156E-071  -0.100956E-071   0.100407E-071   0.892710E-071
-21.080495   0.336080E-069  -0.784802E-070   0.771360E-070   0.685854E-069
-20.855941   0.340392E-067  -0.794512E-068   0.770919E-068   0.685509E-067
-20.613132   0.415445E-065  -0.969213E-066   0.927565E-066   0.824863E-065
-20.366283   0.449496E-063  -0.104812E-063   0.989297E-064   0.879829E-063
-20.132915   0.312812E-061  -0.729046E-062   0.679315E-062   0.604192E-061
-19.918899   0.131022E-059  -0.305224E-060   0.281107E-060   0.250038E-059
-19.721442   0.362881E-058  -0.844998E-059   0.770013E-059   0.684951E-058
-19.535988   0.745316E-057  -0.173484E-057   0.156535E-057   0.139251E-056
-19.358640   0.124497E-055  -0.289673E-056   0.258928E-056   0.230352E-055
-19.186469   0.180976E-054  -0.420927E-055   0.372838E-055   0.331710E-054
-19.017320   0.240437E-053  -0.559011E-054   0.490719E-054   0.436613E-053
-18.849556   0.302791E-052  -0.703707E-053   0.612223E-053   0.544752E-052
-18.681797   0.372426E-051  -0.865198E-052   0.745930E-052   0.663763E-051
-18.512663   0.460458E-050  -0.106927E-050   0.913367E-051   0.812807E-050
-18.340522   0.591340E-049  -0.137259E-049   0.116127E-049   0.103349E-048
-18.163221   0.822387E-048  -0.190799E-048   0.159800E-048   0.142226E-047
-17.977836   0.130845E-046  -0.303413E-047   0.251369E-047   0.223742E-046
-17.780478   0.255741E-045  -0.592685E-046   0.485174E-046   0.431888E-045
-17.566595   0.666735E-044  -0.154414E-044   0.124707E-044   0.111022E-043
-17.333381   0.244715E-042  -0.566307E-043   0.450363E-043   0.400987E-042
-17.086591   0.116036E-040  -0.268285E-041   0.209737E-041   0.186767E-040
-16.843658   0.537141E-039  -0.124072E-039   0.952970E-040   0.848725E-039
-16.618943   0.191078E-037  -0.440941E-038   0.332934E-038   0.296556E-037
-16.414242   0.501389E-036  -0.115595E-036   0.858745E-037   0.765021E-036
-16.225325   0.102719E-034  -0.236600E-035   0.173057E-035   0.154190E-034
-16.047316   0.175815E-033  -0.404591E-034   0.291486E-034   0.259744E-033
-15.876039   0.265894E-032  -0.611311E-033   0.433873E-033   0.386679E-032
-15.707964   0.371455E-031  -0.853177E-032   0.596502E-032   0.531694E-031
-15.539901   0.497607E-030  -0.114177E-030   0.786151E-031   0.700843E-030
-15.368658   0.662019E-029  -0.151739E-029   0.102839E-029   0.916938E-029
-15.190710   0.907542E-028  -0.207773E-028   0.138498E-028   0.123509E-027
-15.001884   0.133657E-026  -0.305605E-027   0.200131E-027   0.178506E-026
-14.797310   0.221171E-025  -0.504979E-026   0.324377E-026   0.289387E-025
-14.572756   0.422752E-024  -0.963653E-025   0.605996E-025   0.540757E-024
-14.329946   0.883412E-023  -0.201001E-023   0.123522E-023   0.110254E-022
-14.083097   0.165819E-021  -0.376551E-022   0.226040E-022   0.201817E-021
-13.849730   0.229600E-020  -0.520391E-021   0.305540E-021   0.272873E-020
-13.635713   0.226805E-019  -0.513123E-020   0.295219E-020   0.263725E-019
-13.438257   0.170552E-018  -0.385191E-019   0.217506E-019   0.194351E-018
-13.252803   0.105215E-017  -0.237230E-018   0.131617E-018   0.117634E-017
-13.075455   0.564812E-017  -0.127138E-017   0.693515E-018   0.619983E-017
-12.903284   0.275292E-016  -0.618645E-017   0.331894E-017   0.296775E-016
-12.734135   0.125563E-015  -0.281688E-016   0.148637E-016   0.132942E-015
-12.566371   0.547848E-015  -0.122687E-015   0.636621E-016   0.569544E-015
-12.398612   0.232694E-014  -0.520134E-015   0.265314E-015   0.237423E-014
-12.229478   0.977854E-014  -0.218146E-014   0.109318E-014   0.978534E-014
-12.057336   0.413860E-013  -0.921299E-014   0.453164E-014   0.405765E-013
-11.880036   0.180310E-012  -0.400452E-013   0.193088E-013   0.172950E-012
-11.694651   0.831554E-012  -0.184193E-012   0.869007E-013   0.778671E-012
-11.497293   0.420307E-011  -0.928154E-012   0.427327E-012   0.383074E-011
-11.283410   0.241775E-010  -0.531954E-011   0.238114E-011   0.213568E-010
-11.050196   0.161212E-009  -0.353121E-010   0.152940E-010   0.137262E-009
-10.803405   0.117629E-008  -0.256280E-009   0.106886E-009   0.960037E-009
-10.560472   0.806707E-008  -0.174704E-008   0.699782E-009   0.629088E-008
-10.335758   0.461885E-007  -0.993950E-008   0.382274E-008   0.343975E-007
-10.131057   0.218057E-006  -0.466178E-007   0.172236E-007   0.155130E-006
 -9.942140   0.878751E-006  -0.186588E-006   0.662295E-007   0.597127E-006
 -9.764131   0.313599E-005  -0.661090E-006   0.225291E-006   0.203344E-005
 -9.592853   0.101952E-004  -0.213265E-005   0.696771E-006   0.629639E-005
 -9.424779   0.308237E-004  -0.639340E-005   0.199794E-005   0.180782E-004
 -9.256716   0.879984E-004  -0.180817E-004   0.538658E-005   0.488129E-004
 -9.085473   0.240079E-003  -0.488087E-004   0.137961E-004   0.125236E-003
 -8.907525   0.632121E-003  -0.126940E-003   0.338198E-004   0.307642E-003
 -8.718699   0.161900E-002  -0.320406E-003   0.797020E-004   0.726878E-003
 -8.514124   0.404889E-002  -0.787112E-003   0.180276E-003   0.164961E-002
 -8.289571   0.980401E-002  -0.186380E-002   0.385027E-003   0.353929E-002
 -8.046761   0.221509E-001  -0.409544E-002   0.741897E-003   0.686396E-002
 -7.799912   0.437875E-001  -0.783646E-002   0.120568E-002   0.112571E-001
 -7.566544   0.730460E-001  -0.126278E-001   0.159866E-002   0.151157E-001
 -7.352528   0.104808E+000  -0.175097E-001   0.175956E-002   0.169344E-001
 -7.155072   0.134205E+000  -0.217195E-001   0.164942E-002   0.162971E-001
 -6.969617   0.158126E+000  -0.249069E-001   0.133099E-002   0.137181E-001
 -6.792270   0.175270E+000  -0.270814E-001   0.919576E-003   0.102088E-001
 -6.620099   0.185896E+000  -0.285096E-001   0.540384E-003   0.689763E-002
 -6.450949   0.191492E+000  -0.295927E-001   0.291477E-003   0.469695E-002
 -6.283185   0.194310E+000  -0.307181E-001   0.212632E-003   0.401791E-002
 -6.115426   0.196686E+000  -0.320960E-001   0.269108E-003   0.461251E-002
 -5.946293   0.200291E+000  -0.336360E-001   0.362558E-003   0.565307E-002
 -5.774151   0.205569E+000  -0.349369E-001   0.374831E-003   0.610672E-002
 -5.596850   0.211702E+000  -0.354586E-001   0.236939E-003   0.534451E-002
 -5.411466   0.217354E+000  -0.349101E-001  -0.175247E-005   0.377374E-002
 -5.214108   0.222304E+000  -0.337960E-001  -0.157636E-003   0.303169E-002
 -5.000225   0.229261E+000  -0.337055E-001  -0.511605E-004   0.485468E-002
 -4.767011   0.242763E+000  -0.360623E-001   0.155215E-003   0.816634E-002
 -4.520220   0.261952E+000  -0.389399E-001  -0.288877E-004   0.904081E-002
 -4.277287   0.281306E+000  -0.390081E-001  -0.399154E-003   0.926744E-002
 -4.052573   0.305127E+000  -0.385561E-001  -0.359047E-003   0.135617E-001
 -3.847872   0.337734E+000  -0.404607E-001  -0.276321E-003   0.178906E-001
 -3.658954   0.372267E+000  -0.428393E-001  -0.591152E-003   0.176801E-001
 -3.480946   0.401936E+000  -0.431625E-001  -0.969143E-003   0.156268E-001
 -3.309668   0.428899E+000  -0.419603E-001  -0.935277E-003   0.161411E-001
 -3.141594   0.458732E+000  -0.414225E-001  -0.619915E-003   0.184633E-001
 -2.973531   0.491382E+000  -0.422683E-001  -0.519655E-003   0.185191E-001
 -2.802288   0.521907E+000  -0.433035E-001  -0.718906E-003   0.158902E-001
 -2.624340   0.549717E+000  -0.437942E-001  -0.782542E-003   0.150112E-001
 -2.435513   0.581601E+000  -0.446418E-001  -0.596731E-003   0.175798E-001
 -2.230939   0.620781E+000  -0.459366E-001  -0.772071E-003   0.183667E-001
 -2.006385   0.660251E+000  -0.455052E-001  -0.143795E-002   0.159440E-001
 -1.763576   0.700656E+000  -0.436646E-001  -0.177118E-002   0.182258E-001
 -1.516727   0.749904E+000  -0.427297E-001  -0.226563E-002   0.214480E-001
 -1.283359   0.796576E+000  -0.398060E-001  -0.346474E-002   0.193064E-001
 -1.069343   0.836184E+000  -0.339273E-001  -0.439544E-002   0.197000E-001
 -0.871886   0.877280E+000  -0.276559E-001  -0.488248E-002   0.237448E-001
 -0.686432   0.920517E+000  -0.217415E-001  -0.535496E-002   0.247806E-001
 -0.509084   0.958104E+000  -0.152651E-001  -0.564524E-002   0.197517E-001
 -0.336913   0.983523E+000  -0.820034E-002  -0.503248E-002   0.116110E-001
 -0.167764   0.996370E+000  -0.232097E-002  -0.303666E-002   0.464959E-002
  0.000000   0.100000E+001   0.182630E-016   0.163633E-006  -0.801617E-006
  0.167759   0.996369E+000  -0.232099E-002   0.303692E-002  -0.465104E-002
  0.336893   0.983521E+000  -0.819999E-002   0.503264E-002  -0.116116E-001
  0.509034   0.958106E+000  -0.152640E-001   0.564550E-002  -0.197509E-001
  0.686335   0.920531E+000  -0.217396E-001   0.535540E-002  -0.247804E-001
  0.871720   0.877309E+000  -0.276520E-001   0.488297E-002  -0.237486E-001
  1.069078   0.836228E+000  -0.339200E-001   0.439631E-002  -0.197044E-001
  1.282961   0.796646E+000  -0.397983E-001   0.346701E-002  -0.193020E-001
  1.516175   0.750016E+000  -0.427279E-001   0.226788E-002  -0.214475E-001
  1.762965   0.700763E+000  -0.436621E-001   0.177162E-002  -0.182383E-001
  2.005898   0.660329E+000  -0.455028E-001   0.143930E-002  -0.159410E-001
  2.230613   0.620842E+000  -0.459395E-001   0.772962E-003  -0.183636E-001
  2.435314   0.581634E+000  -0.446444E-001   0.596596E-003  -0.175829E-001
  2.624231   0.549729E+000  -0.437955E-001   0.782487E-003  -0.150119E-001
  2.802240   0.521909E+000  -0.433049E-001   0.718999E-003  -0.158893E-001
  2.973517   0.491377E+000  -0.422700E-001   0.519696E-003  -0.185189E-001
  3.141592   0.458725E+000  -0.414242E-001   0.619945E-003  -0.184632E-001
  3.309655   0.428895E+000  -0.419617E-001   0.935280E-003  -0.161411E-001
  3.480898   0.401938E+000  -0.431637E-001   0.969223E-003  -0.156264E-001
  3.658846   0.372281E+000  -0.428419E-001   0.591466E-003  -0.176787E-001
  3.847672   0.337768E+000  -0.404655E-001   0.276463E-003  -0.178930E-001
  4.052246   0.305170E+000  -0.385588E-001   0.358743E-003  -0.135708E-001
  4.276800   0.281347E+000  -0.390076E-001   0.399595E-003  -0.927180E-002
  4.519609   0.261999E+000  -0.389460E-001   0.299563E-004  -0.903893E-002
  4.766459   0.242802E+000  -0.360721E-001  -0.155375E-003  -0.817239E-002
  4.999826   0.229277E+000  -0.337092E-001   0.507435E-004  -0.486059E-002
  5.213843   0.222309E+000  -0.337966E-001   0.157700E-003  -0.303223E-002
  5.411299   0.217356E+000  -0.349113E-001   0.196936E-005  -0.377244E-002
  5.596753   0.211702E+000  -0.354609E-001  -0.236826E-003  -0.534383E-002
  5.774101   0.205567E+000  -0.349393E-001  -0.374814E-003  -0.610673E-002
  5.946272   0.200288E+000  -0.336381E-001  -0.362566E-003  -0.565320E-002
  6.115421   0.196683E+000  -0.320978E-001  -0.269112E-003  -0.461256E-002
  6.283185   0.194307E+000  -0.307197E-001  -0.212637E-003  -0.401794E-002
  6.450944   0.191490E+000  -0.295944E-001  -0.291483E-003  -0.469696E-002
  6.620078   0.185894E+000  -0.285116E-001  -0.540361E-003  -0.689737E-002
  6.792219   0.175271E+000  -0.270842E-001  -0.919478E-003  -0.102078E-001
  6.969520   0.158132E+000  -0.249109E-001  -0.133080E-002  -0.137164E-001
  7.154905   0.134224E+000  -0.217256E-001  -0.164922E-002  -0.162956E-001
  7.352263   0.104846E+000  -0.175186E-001  -0.175960E-002  -0.169352E-001
  7.566146   0.731015E-001  -0.126394E-001  -0.159923E-002  -0.151214E-001
  7.799360   0.438471E-001  -0.784857E-002  -0.120680E-002  -0.112678E-001
  8.046151   0.221924E-001  -0.410402E-002  -0.743013E-003  -0.687441E-002
  8.289084   0.982211E-002  -0.186776E-002  -0.385654E-003  -0.354509E-002
  8.513798   0.405470E-002  -0.788499E-003  -0.180521E-003  -0.165186E-002
  8.718499   0.162052E-002  -0.320825E-003  -0.797784E-004  -0.727577E-003
  8.907416   0.632434E-003  -0.127053E-003  -0.338393E-004  -0.307820E-003
  9.085425   0.240115E-003  -0.488369E-004  -0.137998E-004  -0.125270E-003
  9.256702   0.879921E-004  -0.180885E-004  -0.538697E-005  -0.488164E-004
  9.424777   0.308189E-004  -0.639540E-005  -0.199794E-005  -0.180782E-004
  9.592840   0.101944E-004  -0.213352E-005  -0.696828E-006  -0.629690E-005
  9.764083   0.313658E-005  -0.661547E-006  -0.225369E-006  -0.203415E-005
  9.942031   0.879360E-006  -0.186814E-006  -0.662852E-007  -0.597629E-006
 10.130857   0.218381E-006  -0.467122E-007  -0.172515E-007  -0.155382E-006
 10.335432   0.463093E-007  -0.997100E-008  -0.383318E-008  -0.344915E-007
 10.559985   0.809914E-008  -0.175499E-008  -0.702632E-009  -0.631652E-008
 10.802795   0.118208E-008  -0.257693E-009  -0.107422E-009  -0.964855E-009
 11.049644   0.161938E-009  -0.354927E-010  -0.153647E-010  -0.137897E-009
 11.283012   0.242561E-010  -0.534024E-011  -0.238928E-011  -0.214298E-010
 11.497028   0.421176E-011  -0.930683E-012  -0.428294E-012  -0.383941E-011
 11.694484   0.832531E-012  -0.184533E-012  -0.870217E-013  -0.779756E-012
 11.879939   0.180411E-012  -0.400950E-013  -0.193241E-013  -0.173087E-012
 12.057286   0.413924E-013  -0.922087E-014  -0.453345E-014  -0.405927E-013
 12.229457   0.977761E-014  -0.218281E-014  -0.109335E-014  -0.978691E-014
 12.398607   0.232641E-014  -0.520394E-015  -0.265324E-015  -0.237432E-014
 12.566371   0.547703E-015  -0.122744E-015  -0.636622E-016  -0.569545E-015
 12.734130   0.125534E-015  -0.281833E-016  -0.148642E-016  -0.132947E-015
 12.903263   0.275265E-016  -0.619053E-017  -0.331951E-017  -0.296827E-016
 13.075405   0.564909E-017  -0.127258E-017  -0.693825E-018  -0.620261E-017
 13.252706   0.105284E-017  -0.237570E-018  -0.131739E-018  -0.117743E-017
 13.438090   0.170796E-018  -0.386050E-019  -0.217877E-019  -0.194682E-018
 13.635448   0.227403E-019  -0.514893E-020  -0.296077E-020  -0.264491E-019
 13.849331   0.230605E-020  -0.523098E-021  -0.306955E-021  -0.274137E-020
 14.082545   0.166885E-021  -0.379290E-022  -0.227550E-022  -0.203165E-021
 14.329336   0.890057E-023  -0.202687E-023  -0.124482E-023  -0.111111E-022
 14.572269   0.425507E-024  -0.970786E-025  -0.610110E-025  -0.544429E-024
 14.796983   0.222187E-025  -0.507755E-026  -0.325963E-026  -0.290802E-025
 15.001684   0.134030E-026  -0.306739E-027  -0.200754E-027  -0.179061E-026
 15.190602   0.908804E-028  -0.208256E-028  -0.138737E-028  -0.123722E-027
 15.368610   0.662292E-029  -0.151946E-029  -0.102917E-029  -0.917633E-029
 15.539888   0.497524E-030  -0.114268E-030  -0.786299E-031  -0.700975E-030
 15.707962   0.371319E-031  -0.853699E-032  -0.596501E-032  -0.531693E-031
 15.876025   0.265848E-032  -0.611811E-033  -0.433958E-033  -0.386755E-032
 16.047268   0.175892E-033  -0.405176E-034  -0.291722E-034  -0.259955E-033
 16.225216   0.102877E-034  -0.237204E-035  -0.173386E-035  -0.154484E-034
 16.414043   0.502989E-036  -0.116083E-036  -0.861800E-037  -0.767744E-036
 16.618617   0.192119E-037  -0.443809E-038  -0.334869E-038  -0.298280E-037
 16.843171   0.541467E-039  -0.125205E-039  -0.960988E-040  -0.855866E-039
 17.085980   0.117163E-040  -0.271182E-041  -0.211849E-041  -0.188648E-040
 17.332829   0.246833E-042  -0.571839E-043  -0.454431E-043  -0.404609E-042
 17.566197   0.670822E-044  -0.155534E-044  -0.125521E-044  -0.111746E-043
 17.780213   0.256720E-045  -0.595631E-046  -0.487232E-046  -0.433719E-045
 17.977670   0.131126E-046  -0.304414E-047  -0.252015E-047  -0.224316E-046
 18.163124   0.823218E-048  -0.191214E-048  -0.160030E-048  -0.142431E-047
 18.340472   0.591505E-049  -0.137459E-049  -0.116210E-049  -0.103423E-048
 18.512642   0.460385E-050  -0.107036E-050  -0.913626E-051  -0.813038E-050
 18.681792   0.372281E-051  -0.865895E-052  -0.745975E-052  -0.663803E-051
 18.849556   0.302654E-052  -0.704236E-053  -0.612224E-053  -0.544752E-052
 19.017315   0.240342E-053  -0.559469E-054  -0.490749E-054  -0.436640E-053
 19.186448   0.180946E-054  -0.421373E-055  -0.372948E-055  -0.331808E-054
 19.358590   0.124533E-055  -0.290117E-056  -0.259125E-056  -0.230527E-055
 19.535891   0.746129E-057  -0.173890E-057  -0.156779E-057  -0.139468E-056
 19.721276   0.363741E-058  -0.848069E-059  -0.772198E-059  -0.686895E-058
 19.918633   0.131589E-059  -0.306936E-060  -0.282456E-060  -0.251237E-059
 20.132517   0.315037E-061  -0.735177E-062  -0.684463E-062  -0.608771E-061
 20.365731   0.454147E-063  -0.106034E-063  -0.999992E-064  -0.889341E-063
 20.612521   0.420423E-065  -0.982121E-066  -0.939112E-066  -0.835133E-065
 20.855454   0.343889E-067  -0.803748E-068  -0.779207E-068  -0.692880E-067
 21.080169   0.338490E-069  -0.791501E-070  -0.777272E-070  -0.691111E-069
 21.284869   0.434024E-071  -0.101532E-071  -0.100892E-071  -0.897022E-071
 21.473787   0.689484E-073  -0.161354E-073  -0.162104E-073  -0.144118E-072
 21.651796   0.125971E-074  -0.294903E-075  -0.299358E-075  -0.266129E-074
 21.823073   0.247512E-076  -0.579629E-077  -0.594269E-077  -0.528278E-076
 21.991147   0.493610E-078  -0.115632E-078  -0.119708E-078  -0.106410E-077
 22.159211   0.947052E-080  -0.221923E-080  -0.231964E-080  -0.206186E-079
 22.330454   0.165338E-081  -0.387555E-082  -0.409011E-082  -0.363542E-081
 22.508401   0.246175E-083  -0.577215E-084  -0.615176E-084  -0.546763E-083
 22.697228   0.288473E-085  -0.676603E-086  -0.728456E-086  -0.647415E-085
 22.901802   0.241777E-087  -0.567261E-088  -0.617289E-088  -0.548590E-087
 23.126356   0.134068E-089  -0.314657E-090  -0.346309E-090  -0.307753E-089
 23.369165   0.524097E-092  -0.123048E-092  -0.137033E-092  -0.121770E-091
 23.616014   0.204042E-094  -0.479208E-095  -0.539858E-095  -0.479705E-094
 23.849382   0.117979E-096  -0.277163E-097  -0.315524E-097  -0.280355E-096
 24.063398   0.113881E-098  -0.267602E-099  -0.307462E-099  -0.273182E-098
 24.260855   0.168797E-100  -0.396734E-101  -0.459590E-101  -0.408335E-100
 24.446309   0.340160E-102  -0.799657E-103  -0.933316E-103  -0.829205E-102
 24.623657   0.840067E-104  -0.197521E-104  -0.232154E-104  -0.206252E-103
 24.795828   0.234856E-105  -0.552301E-106  -0.653482E-106  -0.580556E-105
 24.964977   0.700221E-107  -0.164695E-107  -0.196129E-107  -0.174238E-106
 25.132741   0.212531E-108  -0.499961E-109  -0.599170E-109  -0.532281E-108
 25.300500   0.630722E-110  -0.148395E-110  -0.178965E-110  -0.158982E-109
 25.469634   0.175602E-111  -0.413219E-112  -0.501504E-112  -0.445497E-111
 25.641775   0.436338E-113  -0.102693E-113  -0.125439E-113  -0.111427E-112
 25.819076   0.905430E-115  -0.213129E-115  -0.262075E-115  -0.232796E-114
 26.004461   0.143211E-116  -0.337159E-117  -0.417512E-117  -0.370858E-116
 26.201819   0.152570E-118  -0.359257E-119  -0.448260E-119  -0.398161E-118
 26.415702   0.939957E-121  -0.221375E-121  -0.278535E-121  -0.247398E-120
 26.648916   0.296155E-123  -0.697638E-124  -0.885957E-124  -0.786892E-123
 26.895707   0.524175E-126  -0.123505E-126  -0.158421E-126  -0.140702E-125
 27.138639   0.805424E-129  -0.189814E-129  -0.245927E-129  -0.218414E-128
 27.363354   0.162662E-131  -0.383423E-132  -0.501464E-132  -0.445349E-131
 27.568055   0.478236E-134  -0.112749E-134  -0.148744E-134  -0.132096E-133
 27.756972   0.190624E-136  -0.449492E-137  -0.597798E-137  -0.530876E-136
 27.934981   0.930198E-139  -0.219375E-139  -0.293997E-139  -0.261079E-138
 28.106258   0.507332E-141  -0.119666E-141  -0.161558E-141  -0.143466E-140
 28.274333   0.286154E-143  -0.675056E-144  -0.917980E-144  -0.815161E-143
