 nmodes=            1  nfields=            2  max_plot=          289
 ky=   3.2055976773988561E-002   width=    1.000000000000000     
 theta     ((Re(field_i), Im(field_i),i=(1,nfields)),j=1,nmodes)
Tearing metric:  [   0.366367E-003   0.199675E+001   0.199691E+001   0.000000E+000 ]
DEP: [   0.497454E-003   0.000000E+000   0.000000E+000   0.000000E+000]
chi_th: [  -0.137450E+002   0.000000E+000   0.000000E+000   0.000000E+000]
chi_i: [  -0.172449E+003   0.000000E+000   0.000000E+000   0.000000E+000]
chi_i_cond: [  -0.710164E+002   0.000000E+000   0.000000E+000   0.000000E+000]
chi_e: [   0.169470E+003   0.000000E+000   0.000000E+000   0.000000E+000]
chi_e_cond: [   0.321553E+002   0.000000E+000   0.000000E+000   0.000000E+000]
i_QL_cond_flux: [  -0.569163E-004   0.000000E+000   0.000000E+000   0.000000E+000]
e_QL_cond_flux: [   0.321553E-004   0.000000E+000   0.000000E+000   0.000000E+000]
QL_ratio: [   0.364322E+003             NaN             NaN             NaN]
EP QL convective fraction: [   0.697624E+000             NaN             NaN             NaN]
<theta^2>: [   0.237678E+001   0.153962E+002   0.133550E+002             NaN]
 Mode kept T/F for each mode:    T  F  F  F
 Theta      Re(phi)        Im(phi)        Re(B_per)        Im(B_per)
-28.274332   0.138402E-144  -0.350661E-144   0.240026E-144   0.183717E-144
-28.109756   0.190144E-142  -0.481715E-142   0.327455E-142   0.250658E-142
-27.941813   0.288346E-140  -0.730437E-140   0.492978E-140   0.377396E-140
-27.766566   0.559914E-138  -0.141824E-137   0.949891E-138   0.727255E-138
-27.578819   0.167268E-135  -0.423638E-135   0.281363E-135   0.215441E-135
-27.371198   0.973873E-133  -0.246622E-132   0.162236E-132   0.124241E-132
-27.134239   0.141542E-129  -0.358386E-129   0.233135E-129   0.178563E-129
-26.866091   0.447021E-126  -0.113167E-125   0.726888E-126   0.556837E-126
-26.596937   0.882070E-123  -0.223268E-122   0.141659E-122   0.108538E-122
-26.359687   0.377121E-120  -0.954429E-120   0.599530E-120   0.459421E-120
-26.153282   0.427933E-118  -0.108290E-117   0.674829E-118   0.517183E-118
-25.967156   0.207413E-116  -0.524820E-116   0.324885E-116   0.249014E-116
-25.793057   0.610881E-115  -0.154559E-114   0.951187E-115   0.729119E-115
-25.625439   0.137955E-113  -0.349013E-113   0.213618E-113   0.163759E-113
-25.460691   0.276767E-112  -0.700140E-112   0.426255E-112   0.326794E-112
-25.296727   0.534799E-111  -0.135278E-110   0.819226E-111   0.628122E-111
-25.132741   0.102280E-109  -0.258697E-109   0.155827E-109   0.119487E-109
-24.968754   0.192526E-108  -0.486920E-108   0.291722E-108   0.223709E-108
-24.804793   0.354714E-107  -0.897038E-107   0.534532E-107   0.409945E-107
-24.640069   0.656656E-106  -0.166048E-105   0.984051E-106   0.754757E-106
-24.472517   0.131821E-104  -0.333305E-104   0.196404E-104   0.150654E-104
-24.298550   0.328536E-103  -0.830618E-103   0.486434E-103   0.373163E-103
-24.112646   0.125086E-101  -0.316213E-101   0.183874E-101   0.141074E-101
-23.906594   0.985420E-100  -0.249076E-099   0.143586E-099   0.110180E-099
-23.669866   0.236895E-097  -0.598672E-097   0.341310E-097   0.261951E-097
-23.401117   0.194536E-094  -0.491513E-094   0.276336E-094   0.212136E-094
-23.132559   0.204426E-091  -0.516372E-091   0.286017E-091   0.219627E-091
-22.895102   0.939323E-089  -0.237215E-088   0.129626E-088   0.995623E-089
-22.687137   0.176358E-086  -0.445281E-086   0.240452E-086   0.184725E-086
-22.499161   0.173592E-084  -0.438214E-084   0.234127E-084   0.179903E-084
-22.323770   0.111561E-082  -0.281574E-082   0.148959E-082   0.114482E-082
-22.155748   0.550296E-081  -0.138868E-080   0.727740E-081   0.559404E-081
-21.991147   0.235824E-079  -0.595004E-079   0.308930E-079   0.237515E-079
-21.826571   0.975012E-078  -0.245961E-077   0.126512E-077   0.972849E-078
-21.658628   0.430173E-076  -0.108498E-075   0.552656E-076   0.425065E-076
-21.483380   0.226234E-074  -0.570490E-074   0.287581E-074   0.221236E-074
-21.295633   0.162410E-072  -0.409455E-072   0.204045E-072   0.157010E-072
-21.088013   0.189204E-070  -0.476883E-070   0.234545E-070   0.180531E-070
-20.851054   0.427290E-068  -0.107663E-067   0.521411E-068   0.401471E-068
-20.582905   0.167192E-065  -0.421117E-065   0.200387E-065   0.154354E-065
-20.313752   0.448935E-063  -0.113035E-062   0.528744E-063   0.407444E-063
-20.076501   0.382563E-061  -0.962946E-061   0.444143E-061   0.342367E-061
-19.870097   0.121577E-059  -0.305944E-059   0.139533E-059   0.107588E-059
-19.683970   0.205646E-058  -0.517394E-058   0.233761E-058   0.180286E-058
-19.509872   0.240358E-057  -0.604616E-057   0.270901E-057   0.208973E-057
-19.342254   0.230330E-056  -0.579286E-056   0.257536E-056   0.198703E-056
-19.177506   0.201528E-055  -0.506762E-055   0.223586E-055   0.172543E-055
-19.013541   0.170742E-054  -0.429270E-054   0.187959E-054   0.145078E-054
-18.849556   0.142857E-053  -0.359100E-053   0.156029E-053   0.120457E-053
-18.685569   0.117563E-052  -0.295463E-052   0.127385E-052   0.983635E-053
-18.521607   0.947781E-052  -0.238156E-051   0.101877E-051   0.786836E-052
-18.356884   0.762684E-051  -0.191608E-050   0.813161E-051   0.628172E-051
-18.189332   0.646686E-050  -0.162434E-049   0.683651E-050   0.528245E-050
-18.015364   0.635632E-049  -0.159622E-048   0.665771E-049   0.514560E-049
-17.829461   0.837396E-048  -0.210235E-047   0.867789E-048   0.670893E-048
-17.623409   0.182484E-046  -0.457995E-046   0.186648E-046   0.144352E-046
-17.386681   0.857540E-045  -0.215133E-044   0.862419E-045   0.667309E-045
-17.117932   0.926853E-043  -0.232396E-042   0.912381E-043   0.706413E-043
-16.849374   0.114739E-040  -0.287520E-040   0.110367E-040   0.855113E-041
-16.611917   0.775468E-039  -0.194212E-038   0.730258E-039   0.566173E-039
-16.403951   0.276257E-037  -0.691520E-037   0.255309E-037   0.198062E-037
-16.215976   0.620845E-036  -0.155336E-035   0.564087E-036   0.437846E-036
-16.040585   0.102753E-034  -0.256974E-034   0.918857E-035   0.713597E-035
-15.872563   0.140155E-033  -0.350362E-033   0.123427E-033   0.959048E-034
-15.707962   0.171503E-032  -0.428540E-032   0.148757E-032   0.115647E-032
-15.543386   0.201993E-031  -0.504500E-031   0.172514E-031   0.134190E-031
-15.375443   0.244626E-030  -0.610691E-030   0.205568E-030   0.159994E-030
-15.200195   0.326977E-029  -0.815850E-029   0.270011E-029   0.210285E-029
-15.012448   0.524962E-028  -0.130908E-027   0.425138E-028   0.331339E-028
-14.804828   0.112470E-026  -0.280272E-026   0.890540E-027   0.694657E-027
-14.567869   0.356331E-025  -0.887226E-025   0.274670E-025   0.214480E-025
-14.299720   0.153069E-023  -0.380752E-023   0.114371E-023   0.894210E-024
-14.030566   0.494986E-022  -0.123005E-021   0.358607E-022   0.280739E-022
-13.793316   0.757738E-021  -0.188142E-020   0.534974E-021   0.419276E-021
-13.586912   0.619151E-020  -0.153628E-019   0.428067E-020   0.335799E-020
-13.400785   0.339715E-019  -0.842434E-019   0.230742E-019   0.181151E-019
-13.226686   0.147489E-018  -0.365558E-018   0.985991E-019   0.774640E-019
-13.059069   0.563134E-018  -0.139506E-017   0.370853E-018   0.291561E-018
-12.894321   0.201860E-017  -0.499827E-017   0.130982E-017   0.103048E-017
-12.730356   0.703569E-017  -0.174126E-016   0.449744E-017   0.354081E-017
-12.566371   0.241196E-016  -0.596632E-016   0.151840E-016   0.119630E-016
-12.402384   0.811278E-016  -0.200578E-015   0.502818E-016   0.396457E-016
-12.238422   0.267104E-015  -0.660037E-015   0.162938E-015   0.128572E-015
-12.073698   0.869898E-015  -0.214844E-014   0.522054E-015   0.412281E-015
-11.906147   0.288756E-014  -0.712757E-014   0.170328E-014   0.134630E-014
-11.732179   0.102869E-013  -0.253760E-013   0.595339E-014   0.471026E-014
-11.546276   0.424492E-013  -0.104640E-012   0.240253E-013   0.190307E-013
-11.340224   0.225723E-012  -0.555925E-012   0.124245E-012   0.985605E-013
-11.103496   0.175364E-011  -0.431400E-011   0.930340E-012   0.739491E-012
-10.834747   0.199786E-010  -0.490759E-010   0.100992E-010   0.804910E-011
-10.566188   0.226288E-009  -0.554993E-009   0.108334E-009   0.866119E-010
-10.328732   0.176137E-008  -0.431393E-008   0.800349E-009   0.641845E-009
-10.120766   0.948286E-008  -0.231982E-007   0.410563E-008   0.330217E-008
 -9.932791   0.392222E-007  -0.958565E-007   0.162231E-007   0.130851E-007
 -9.757399   0.135492E-006  -0.330862E-006   0.536016E-007   0.433546E-007
 -9.589378   0.413908E-006  -0.101004E-005   0.156574E-006   0.127004E-006
 -9.424776   0.116347E-005  -0.283765E-005   0.420160E-006   0.341836E-006
 -9.260200   0.309853E-005  -0.755450E-005   0.106480E-005   0.869136E-006
 -9.092257   0.800041E-005  -0.195035E-004   0.260263E-005   0.213213E-005
 -8.917010   0.204182E-004  -0.497892E-004   0.623687E-005   0.513113E-005
 -8.729263   0.523525E-004  -0.127779E-003   0.148244E-004   0.122595E-004
 -8.521642   0.136182E-003  -0.333132E-003   0.350127E-004   0.291497E-004
 -8.284683   0.354418E-003  -0.871367E-003   0.799064E-004   0.671480E-004
 -8.016535   0.841986E-003  -0.209308E-002   0.157881E-003   0.134478E-003
 -7.747381   0.153196E-002  -0.388680E-002   0.226699E-003   0.196719E-003
 -7.510131   0.206899E-002  -0.540737E-002   0.233496E-003   0.207586E-003
 -7.303726   0.230536E-002  -0.625757E-002   0.190742E-003   0.175465E-003
 -7.117600   0.230057E-002  -0.653857E-002   0.129785E-003   0.126336E-003
 -6.943501   0.214815E-002  -0.644735E-002   0.714382E-004   0.781424E-004
 -6.775883   0.192739E-002  -0.615289E-002   0.270612E-004   0.410635E-004
 -6.611135   0.170834E-002  -0.579940E-002   0.282011E-005   0.209565E-004
 -6.447171   0.156063E-002  -0.552492E-002   0.571846E-006   0.200744E-004
 -6.283185   0.154747E-002  -0.545355E-002   0.162312E-004   0.355595E-004
 -6.119198   0.170468E-002  -0.565871E-002   0.392265E-004   0.587504E-004
 -5.955237   0.202463E-002  -0.613365E-002   0.561290E-004   0.781589E-004
 -5.790513   0.246481E-002  -0.680623E-002   0.567188E-004   0.848993E-004
 -5.622962   0.297410E-002  -0.758662E-002   0.384178E-004   0.771332E-004
 -5.448994   0.352247E-002  -0.841959E-002   0.921838E-005   0.638313E-004
 -5.263090   0.415150E-002  -0.936307E-002  -0.755742E-005   0.718490E-004
 -5.057038   0.512029E-002  -0.107757E-001   0.273656E-004   0.153618E-003
 -4.820310   0.718529E-002  -0.134806E-001   0.115862E-003   0.348173E-003
 -4.551561   0.111326E-001  -0.173176E-001   0.100916E-003   0.522804E-003
 -4.283003   0.158131E-001  -0.197129E-001   0.240970E-004   0.573818E-003
 -4.045546   0.203136E-001  -0.217281E-001   0.105600E-003   0.646619E-003
 -3.837581   0.245019E-001  -0.242408E-001   0.110047E-003   0.616794E-003
 -3.649605   0.278300E-001  -0.258317E-001   0.745148E-005   0.489054E-003
 -3.474214   0.304622E-001  -0.264709E-001  -0.316504E-004   0.430057E-003
 -3.306192   0.331390E-001  -0.272578E-001   0.187857E-004   0.482405E-003
 -3.141591   0.363202E-001  -0.286653E-001   0.385800E-004   0.541331E-003
 -2.977015   0.398859E-001  -0.300938E-001  -0.394075E-004   0.533432E-003
 -2.809072   0.436486E-001  -0.308971E-001  -0.124494E-003   0.546777E-003
 -2.633824   0.481539E-001  -0.315510E-001  -0.108075E-003   0.736557E-003
 -2.446077   0.547950E-001  -0.331364E-001  -0.115725E-003   0.106840E-002
 -2.238457   0.648769E-001  -0.349042E-001  -0.386049E-003   0.140072E-002
 -2.001498   0.810214E-001  -0.351766E-001  -0.679446E-003   0.234373E-002
 -1.733349   0.113695E+000  -0.369164E-001  -0.121347E-002   0.467792E-002
 -1.464196   0.171098E+000  -0.367493E-001  -0.293014E-002   0.840621E-002
 -1.226945   0.256116E+000  -0.336299E-001  -0.506552E-002   0.157537E-001
 -1.020541   0.371453E+000  -0.321682E-001  -0.765007E-002   0.249697E-001
 -0.834414   0.507267E+000  -0.303881E-001  -0.103145E-001   0.321649E-001
 -0.660316   0.649123E+000  -0.258850E-001  -0.121131E-001   0.350934E-001
 -0.492698   0.783380E+000  -0.184886E-001  -0.121905E-001   0.329412E-001
 -0.327950   0.896196E+000  -0.985490E-002  -0.100428E-001   0.256966E-001
 -0.163985   0.972717E+000  -0.276471E-002  -0.571628E-002   0.141283E-001
  0.000000   0.100000E+001   0.539562E-016   0.567206E-006  -0.205781E-005
  0.163987   0.972702E+000  -0.276458E-002   0.571752E-002  -0.141325E-001
  0.327948   0.896165E+000  -0.985490E-002   0.100440E-001  -0.257006E-001
  0.492672   0.783351E+000  -0.184881E-001   0.121916E-001  -0.329440E-001
  0.660224   0.649137E+000  -0.258833E-001   0.121145E-001  -0.350958E-001
  0.834191   0.507379E+000  -0.303866E-001   0.103177E-001  -0.321716E-001
  1.020095   0.371698E+000  -0.321682E-001   0.765600E-002  -0.249883E-001
  1.226147   0.256464E+000  -0.336230E-001   0.507334E-002  -0.157847E-001
  1.462875   0.171465E+000  -0.367350E-001   0.294026E-002  -0.843263E-002
  1.731624   0.113981E+000  -0.369326E-001   0.122084E-002  -0.469560E-002
  2.000182   0.811402E-001  -0.351795E-001   0.680529E-003  -0.235298E-002
  2.237639   0.649243E-001  -0.349088E-001   0.387448E-003  -0.140215E-002
  2.445605   0.548160E-001  -0.331423E-001   0.116010E-003  -0.106911E-002
  2.633580   0.481618E-001  -0.315532E-001   0.107989E-003  -0.736982E-003
  2.808971   0.436515E-001  -0.308982E-001   0.124502E-003  -0.546828E-003
  2.976993   0.398869E-001  -0.300945E-001   0.394089E-004  -0.533401E-003
  3.141594   0.363206E-001  -0.286658E-001  -0.385862E-004  -0.541318E-003
  3.306170   0.331399E-001  -0.272586E-001  -0.188009E-004  -0.482428E-003
  3.474113   0.304644E-001  -0.264718E-001   0.316238E-004  -0.430070E-003
  3.649361   0.278348E-001  -0.258335E-001  -0.732986E-005  -0.488869E-003
  3.837108   0.245124E-001  -0.242469E-001  -0.109856E-003  -0.616510E-003
  4.044728   0.203321E-001  -0.217383E-001  -0.105953E-003  -0.646851E-003
  4.281687   0.158389E-001  -0.197226E-001  -0.242190E-004  -0.574235E-003
  4.549836   0.111626E-001  -0.173395E-001  -0.100238E-003  -0.523413E-003
  4.818990   0.720136E-002  -0.134996E-001  -0.116266E-003  -0.349410E-003
  5.056240   0.512522E-002  -0.107825E-001  -0.276413E-004  -0.154136E-003
  5.262644   0.415314E-002  -0.936522E-002   0.755083E-005  -0.719148E-004
  5.448771   0.352321E-002  -0.842041E-002  -0.918440E-005  -0.638117E-004
  5.622869   0.297445E-002  -0.758688E-002  -0.384044E-004  -0.771239E-004
  5.790487   0.246497E-002  -0.680624E-002  -0.567166E-004  -0.849003E-004
  5.955235   0.202471E-002  -0.613358E-002  -0.561285E-004  -0.781620E-004
  6.119200   0.170472E-002  -0.565862E-002  -0.392275E-004  -0.587537E-004
  6.283185   0.154749E-002  -0.545343E-002  -0.162342E-004  -0.355620E-004
  6.447172   0.156064E-002  -0.552476E-002  -0.575714E-006  -0.200748E-004
  6.611134   0.170836E-002  -0.579920E-002  -0.282369E-005  -0.209547E-004
  6.775857   0.192740E-002  -0.615261E-002  -0.270586E-004  -0.410559E-004
  6.943409   0.214812E-002  -0.644701E-002  -0.714104E-004  -0.781150E-004
  7.117377   0.230057E-002  -0.653841E-002  -0.129703E-003  -0.126267E-003
  7.303280   0.230573E-002  -0.625861E-002  -0.190599E-003  -0.175354E-003
  7.509332   0.207061E-002  -0.541178E-002  -0.233391E-003  -0.207521E-003
  7.746060   0.153571E-002  -0.389645E-002  -0.226907E-003  -0.196930E-003
  8.014809   0.846161E-003  -0.210344E-002  -0.158424E-003  -0.134961E-003
  8.283368   0.356298E-003  -0.875930E-003  -0.802496E-004  -0.674438E-004
  8.520824   0.136724E-003  -0.334425E-003  -0.351313E-004  -0.292508E-004
  8.728790   0.524859E-004  -0.128092E-003  -0.148569E-004  -0.122872E-004
  8.916765   0.204474E-004  -0.498551E-004  -0.624430E-005  -0.513754E-005
  9.092157   0.800565E-005  -0.195142E-004  -0.260388E-005  -0.213327E-005
  9.260178   0.309914E-005  -0.755518E-005  -0.106486E-005  -0.869228E-006
  9.424779   0.116351E-005  -0.283746E-005  -0.420120E-006  -0.341821E-006
  9.589356   0.413994E-006  -0.101015E-005  -0.156585E-006  -0.127020E-006
  9.757299   0.135600E-006  -0.331090E-006  -0.536356E-007  -0.433843E-007
  9.932546   0.392994E-007  -0.960353E-007  -0.162519E-007  -0.131090E-007
 10.120293   0.952139E-008  -0.232901E-007  -0.412129E-008  -0.331495E-008
 10.327914   0.177469E-008  -0.434609E-008  -0.806139E-009  -0.646527E-009
 10.564873   0.229163E-009  -0.561984E-009  -0.109664E-009  -0.876810E-010
 10.833021   0.203066E-010  -0.498763E-010  -0.102603E-010  -0.817803E-011
 11.102175   0.177565E-011  -0.436770E-011  -0.941689E-012  -0.748557E-012
 11.339425   0.227343E-012  -0.559861E-012  -0.125107E-012  -0.992499E-013
 11.545829   0.426049E-013  -0.105014E-012  -0.241093E-013  -0.190981E-013
 11.731956   0.103043E-013  -0.254166E-013  -0.596266E-014  -0.471781E-014
 11.906055   0.288951E-014  -0.713168E-014  -0.170422E-014  -0.134711E-014
 12.073673   0.870079E-015  -0.214868E-014  -0.522104E-015  -0.412339E-015
 12.238421   0.267121E-015  -0.660016E-015  -0.162930E-015  -0.128572E-015
 12.402385   0.811325E-016  -0.200571E-015  -0.502793E-016  -0.396454E-016
 12.566371   0.241213E-016  -0.596620E-016  -0.151834E-016  -0.119631E-016
 12.730357   0.703609E-017  -0.174119E-016  -0.449722E-017  -0.354078E-017
 12.894319   0.201871E-017  -0.499810E-017  -0.130976E-017  -0.103048E-017
 13.059043   0.563256E-018  -0.139524E-017  -0.370895E-018  -0.291606E-018
 13.226594   0.147600E-018  -0.365798E-018  -0.986619E-019  -0.775165E-019
 13.400562   0.340385E-019  -0.844019E-019  -0.231169E-019  -0.181493E-019
 13.586466   0.621916E-020  -0.154300E-019  -0.429916E-020  -0.337264E-020
 13.792518   0.764717E-021  -0.189858E-020  -0.539800E-021  -0.423077E-021
 14.029246   0.503500E-022  -0.125109E-021  -0.364682E-022  -0.285508E-022
 14.297995   0.156808E-023  -0.390017E-023  -0.117130E-023  -0.915822E-024
 14.566553   0.363675E-025  -0.905429E-025  -0.280259E-025  -0.218854E-025
 14.804009   0.113961E-026  -0.283961E-026  -0.902171E-027  -0.703760E-027
 15.011975   0.528956E-028  -0.131893E-027  -0.428310E-028  -0.333825E-028
 15.199951   0.328247E-029  -0.818950E-029  -0.271029E-029  -0.211085E-029
 15.375342   0.245015E-030  -0.611610E-030  -0.205875E-030  -0.160239E-030
 15.543364   0.202062E-031  -0.504629E-031  -0.172557E-031  -0.134228E-031
 15.707965   0.171493E-032  -0.428478E-032  -0.148735E-032  -0.115635E-032
 15.872541   0.140204E-033  -0.350455E-033  -0.123459E-033  -0.959332E-034
 16.040484   0.102926E-034  -0.257385E-034  -0.920318E-035  -0.714758E-035
 16.215732   0.623491E-036  -0.155985E-035  -0.566431E-036  -0.439680E-036
 16.403479   0.278651E-037  -0.697454E-037  -0.257488E-037  -0.199759E-037
 16.611099   0.787678E-039  -0.197253E-038  -0.741637E-039  -0.575016E-039
 16.848058   0.117690E-040  -0.294890E-040  -0.113182E-040  -0.876959E-041
 17.116207   0.956715E-043  -0.239863E-042  -0.941563E-043  -0.729034E-043
 17.385360   0.878006E-045  -0.220249E-044  -0.882840E-045  -0.683135E-045
 17.622610   0.184910E-046  -0.464047E-046  -0.189105E-046  -0.146257E-046
 17.829015   0.842953E-048  -0.211613E-047  -0.873458E-048  -0.675298E-048
 18.015141   0.637527E-049  -0.160085E-048  -0.667698E-049  -0.516066E-049
 18.189240   0.647410E-050  -0.162603E-049  -0.684363E-050  -0.528812E-050
 18.356858   0.762903E-051  -0.191648E-050  -0.813334E-051  -0.628325E-051
 18.521606   0.947807E-052  -0.238144E-051  -0.101872E-051  -0.786825E-052
 18.685570   0.117566E-052  -0.295448E-052  -0.127379E-052  -0.983618E-053
 18.849556   0.142864E-053  -0.359090E-053  -0.156025E-053  -0.120457E-053
 19.013543   0.170746E-054  -0.429247E-054  -0.187950E-054  -0.145075E-054
 19.177504   0.201533E-055  -0.506735E-055  -0.223576E-055  -0.172540E-055
 19.342228   0.230398E-056  -0.579413E-056  -0.257594E-056  -0.198754E-056
 19.509780   0.240644E-057  -0.605287E-057  -0.271202E-057  -0.209212E-057
 19.683747   0.206309E-058  -0.519023E-058  -0.234496E-058  -0.180858E-058
 19.869651   0.122468E-059  -0.308164E-059  -0.140543E-059  -0.108371E-059
 20.075703   0.388330E-061  -0.977386E-061  -0.450785E-061  -0.347498E-061
 20.312431   0.461482E-063  -0.116185E-062  -0.543438E-063  -0.418780E-063
 20.581180   0.173758E-065  -0.437621E-065  -0.208218E-065  -0.160391E-065
 20.849738   0.441237E-068  -0.111169E-067  -0.538345E-068  -0.414522E-068
 21.087195   0.193120E-070  -0.486716E-070  -0.239370E-070  -0.184250E-070
 21.295160   0.164315E-072  -0.414227E-072  -0.206419E-072  -0.158841E-072
 21.483136   0.227572E-074  -0.573820E-074  -0.289259E-074  -0.222533E-074
 21.658527   0.431193E-076  -0.108747E-075  -0.553930E-076  -0.426056E-076
 21.826549   0.975467E-078  -0.246058E-077  -0.126563E-077  -0.973269E-078
 21.991150   0.235791E-079  -0.594877E-079  -0.308869E-079  -0.237474E-079
 22.155726   0.550557E-081  -0.138924E-080  -0.728040E-081  -0.559650E-081
 22.323669   0.111836E-082  -0.282247E-082  -0.149316E-082  -0.114759E-082
 22.498917   0.174679E-084  -0.440927E-084  -0.235577E-084  -0.181022E-084
 22.686664   0.178601E-086  -0.450911E-086  -0.243490E-086  -0.187064E-086
 22.894284   0.960959E-089  -0.242662E-088  -0.132598E-088  -0.101847E-088
 23.131243   0.212082E-091  -0.535674E-091  -0.296689E-091  -0.227828E-091
 23.399392   0.203606E-094  -0.514390E-094  -0.289175E-094  -0.221999E-094
 23.668545   0.245000E-097  -0.619109E-097  -0.352944E-097  -0.270887E-097
 23.905796   0.100404E-099  -0.253764E-099  -0.146286E-099  -0.112254E-099
 24.112200   0.126257E-101  -0.319149E-101  -0.185582E-101  -0.142387E-101
 24.298327   0.329906E-103  -0.834019E-103  -0.488432E-103  -0.374705E-103
 24.472425   0.132023E-104  -0.333794E-104  -0.196696E-104  -0.150881E-104
 24.640043   0.656897E-106  -0.166097E-105  -0.984361E-106  -0.755014E-106
 24.804791   0.354716E-107  -0.896977E-107  -0.534507E-107  -0.409935E-107
 24.968756   0.192526E-108  -0.486885E-108  -0.291707E-108  -0.223702E-108
 25.132741   0.102283E-109  -0.258687E-109  -0.155824E-109  -0.119487E-109
 25.296728   0.534798E-111  -0.135268E-110  -0.819184E-111  -0.628104E-111
 25.460690   0.276768E-112  -0.700091E-112  -0.426234E-112  -0.326786E-112
 25.625413   0.138007E-113  -0.349120E-113  -0.213688E-113  -0.163817E-113
 25.792965   0.611861E-115  -0.154796E-114  -0.952663E-115  -0.730268E-115
 25.966933   0.208326E-116  -0.527093E-116  -0.326297E-116  -0.250102E-116
 26.152836   0.432226E-118  -0.109369E-117  -0.681554E-118  -0.522350E-118
 26.358888   0.384894E-120  -0.974031E-120  -0.611837E-120  -0.468863E-120
 26.595616   0.915739E-123  -0.231773E-122  -0.147050E-122  -0.112671E-122
 26.864365   0.470927E-126  -0.119211E-125  -0.765661E-126  -0.586553E-126
 27.132923   0.147793E-129  -0.374188E-129  -0.243405E-129  -0.186433E-129
 27.370380   0.100096E-132  -0.253464E-132  -0.166734E-132  -0.127688E-132
 27.578346   0.169889E-135  -0.430246E-135  -0.285753E-135  -0.218807E-135
 27.766321   0.564312E-138  -0.142928E-137  -0.957298E-138  -0.732942E-138
 27.941713   0.289247E-140  -0.732668E-140  -0.494494E-140  -0.378565E-140
 28.109734   0.190257E-142  -0.481966E-142  -0.327634E-142  -0.250800E-142
 28.274335   0.138373E-144  -0.350563E-144  -0.239966E-144  -0.183675E-144
