 nmodes=            4  nfields=            2  max_plot=          289
 ky=   0.1390000207069158        width=    1.662224073302790     
 theta     ((Re(field_i), Im(field_i),i=(1,nfields)),j=1,nmodes)
Tearing metric:  [   0.199700E+001   0.380120E-003   0.500156E-003   0.199745E+001 ]
DEP: [   0.202360E-001   0.170049E-001   0.793423E-002   0.253993E-001]
chi_th: [  -0.487105E+004  -0.394892E+004  -0.527869E+003  -0.889805E+004]
chi_i: [  -0.287226E+005  -0.218113E+005  -0.245399E+004  -0.474857E+005]
chi_i_cond: [  -0.163412E+005  -0.126294E+005  -0.161288E+004  -0.269886E+005]
chi_e: [   0.480607E+004   0.443862E+004   0.395269E+004   0.210236E+004]
chi_e_cond: [   0.170315E+004   0.102635E+004   0.940072E+002   0.147062E+004]
i_QL_cond_flux: [  -0.936606E-002  -0.723861E-002  -0.924427E-003  -0.154686E-001]
e_QL_cond_flux: [   0.170315E-002   0.102635E-002   0.940072E-004   0.147062E-002]
QL_ratio: [   0.642381E+001   0.770145E+001   0.520837E+002   0.288328E+001]
EP QL convective fraction: [   0.231982E+001   0.210390E+001   0.113660E+001   0.392791E+001]
<theta^2>: [   0.642687E+002   0.435116E+002   0.912002E+002   0.891777E+002]
 Mode kept T/F for each mode:    F  F  T  F
 Theta      Re(phi)        Im(phi)        Re(B_per)        Im(B_per)
-28.274334   0.216358E-038   0.163043E-038  -0.163420E-038   0.149707E-038
-28.110019   0.974879E-038   0.734620E-038  -0.730989E-038   0.669692E-038
-27.943028   0.444836E-037   0.335191E-037  -0.331062E-037   0.303319E-037
-27.770452   0.210774E-036   0.158814E-036  -0.155646E-036   0.142612E-036
-27.588879   0.106735E-035   0.804190E-036  -0.781687E-036   0.716277E-036
-27.394189   0.597603E-035   0.450237E-035  -0.433757E-035   0.397491E-035
-27.181819   0.383595E-034   0.288985E-034  -0.275687E-034   0.252659E-034
-26.948894   0.287809E-033   0.216809E-033  -0.204593E-033   0.187521E-033
-26.700318   0.240372E-032   0.181061E-032  -0.168861E-032   0.154787E-032
-26.452578   0.193516E-031   0.145756E-031  -0.134331E-031   0.123148E-031
-26.221371   0.131971E-030   0.993929E-031  -0.905813E-031   0.830492E-031
-26.010566   0.742883E-030   0.559459E-030  -0.504618E-030   0.462703E-030
-25.816968   0.356522E-029   0.268477E-029  -0.239848E-029   0.219946E-029
-25.636064   0.152024E-028   0.114474E-028  -0.101345E-028   0.929438E-029
-25.463850   0.596638E-028   0.449241E-028  -0.394267E-028   0.361615E-028
-25.297018   0.221688E-027   0.166911E-027  -0.145242E-027   0.133225E-027
-25.132741   0.798209E-027   0.600943E-027  -0.518508E-027   0.475650E-027
-24.968447   0.284253E-026   0.213991E-026  -0.183060E-026   0.167943E-026
-24.801558   0.102117E-025   0.768711E-026  -0.651833E-026   0.598062E-026
-24.629245   0.377966E-025   0.284503E-025  -0.239037E-025   0.219340E-025
-24.448187   0.147645E-024   0.111128E-024  -0.924595E-025   0.848498E-025
-24.254372   0.626235E-024   0.471311E-024  -0.387992E-024   0.356101E-024
-24.043287   0.297458E-023   0.223850E-023  -0.182125E-023   0.167178E-023
-23.811807   0.161274E-022   0.121354E-022  -0.974475E-023   0.894632E-023
-23.563944   0.964559E-022   0.725720E-022  -0.574471E-022   0.527491E-022
-23.315475   0.566234E-021   0.425977E-021  -0.332295E-021   0.305174E-021
-23.082819   0.290682E-020   0.218655E-020  -0.168198E-020   0.154497E-020
-22.870732   0.126746E-019   0.953299E-020  -0.723846E-020   0.664991E-020
-22.676267   0.481278E-019   0.361950E-019  -0.271520E-019   0.249482E-019
-22.494851   0.164797E-018   0.123925E-018  -0.919014E-019   0.844550E-019
-22.322378   0.524441E-018   0.394336E-018  -0.289207E-018   0.265814E-018
-22.155445   0.158900E-017   0.119468E-017  -0.866684E-018   0.796697E-018
-21.991149   0.467539E-017   0.351485E-017  -0.252224E-017   0.231891E-017
-21.826834   0.135926E-016   0.102176E-016  -0.725158E-017   0.666804E-017
-21.659843   0.396981E-016   0.298382E-016  -0.209368E-016   0.192552E-016
-21.487267   0.118511E-015   0.890663E-016  -0.617538E-016   0.568036E-016
-21.305693   0.368787E-015   0.277129E-015  -0.189710E-015   0.174536E-015
-21.111003   0.122376E-014   0.919486E-015  -0.620739E-015   0.571210E-015
-20.898633   0.443401E-014   0.333108E-014  -0.221428E-014   0.203809E-014
-20.665708   0.177412E-013   0.133260E-013  -0.870614E-014   0.801562E-014
-20.417133   0.756262E-013   0.567948E-013  -0.364104E-013   0.335330E-013
-20.169392   0.310975E-012   0.233496E-012  -0.146831E-012   0.135271E-012
-19.938186   0.113125E-011   0.849242E-012  -0.524276E-012   0.483156E-012
-19.727380   0.358587E-011   0.269149E-011  -0.163325E-011   0.150561E-011
-19.533783   0.101429E-010   0.761181E-011  -0.454508E-011   0.419113E-011
-19.352878   0.263547E-010   0.197748E-010  -0.116274E-010   0.107250E-010
-19.180665   0.644516E-010   0.483525E-010  -0.280086E-010   0.258423E-010
-19.013833   0.151217E-009   0.113427E-009  -0.647388E-010   0.597489E-010
-18.849556   0.345682E-009   0.259252E-009  -0.145786E-009   0.134589E-009
-18.685261   0.780221E-009   0.585047E-009  -0.324032E-009   0.299238E-009
-18.518373   0.176053E-008   0.131990E-008  -0.719596E-009   0.664754E-009
-18.346060   0.402305E-008   0.301557E-008  -0.161689E-008   0.149419E-008
-18.165001   0.944407E-008   0.707757E-008  -0.372729E-008   0.344581E-008
-17.971186   0.231500E-007   0.173451E-007  -0.895566E-008   0.828303E-008
-17.760102   0.602692E-007   0.451446E-007  -0.227967E-007   0.210954E-007
-17.528621   0.168082E-006   0.125863E-006  -0.619705E-007   0.573803E-007
-17.280758   0.490136E-006   0.366898E-006  -0.175622E-006   0.162728E-006
-17.032289   0.139078E-005   0.104071E-005  -0.483642E-006   0.448473E-006
-16.799633   0.359133E-005   0.268637E-005  -0.121279E-005   0.112548E-005
-16.587547   0.832381E-005   0.622413E-005  -0.273357E-005   0.253870E-005
-16.393081   0.176220E-004   0.131723E-004  -0.563475E-005   0.523702E-005
-16.211666   0.348357E-004   0.260306E-004  -0.108541E-004   0.100956E-004
-16.039193   0.654945E-004   0.489234E-004  -0.198905E-004   0.185149E-004
-15.872259   0.118781E-003   0.886971E-004  -0.351550E-004   0.327500E-004
-15.707963   0.210125E-003   0.156850E-003  -0.605688E-004   0.564729E-004
-15.543649   0.365920E-003   0.273041E-003  -0.102615E-003   0.957626E-004
-15.376657   0.632444E-003   0.471724E-003  -0.172256E-003   0.160914E-003
-15.204082   0.109348E-002   0.815238E-003  -0.288575E-003   0.269875E-003
-15.022508   0.190671E-002   0.142083E-002  -0.485937E-003   0.455029E-003
-14.827818   0.338153E-002   0.251839E-002  -0.828377E-003   0.776857E-003
-14.615448   0.614364E-002   0.457238E-002  -0.143733E-002   0.135041E-002
-14.382523   0.114284E-001   0.849869E-002  -0.253212E-002   0.238443E-002
-14.133947   0.212833E-001   0.158121E-001  -0.442582E-002   0.417944E-002
-13.886207   0.378921E-001   0.281212E-001  -0.734840E-002   0.696230E-002
-13.655000   0.623855E-001   0.462465E-001  -0.112539E-001   0.107016E-001
-13.444195   0.949709E-001   0.703207E-001  -0.159189E-001   0.151978E-001
-13.250598   0.135628E+000   0.100305E+000  -0.210876E-001   0.202196E-001
-13.069693   0.184322E+000   0.136145E+000  -0.264953E-001   0.255272E-001
-12.897480   0.240949E+000   0.177732E+000  -0.318481E-001   0.308535E-001
-12.730647   0.305224E+000   0.224810E+000  -0.367997E-001   0.358816E-001
-12.566371   0.376539E+000   0.276877E+000  -0.409322E-001   0.402257E-001
-12.402076   0.453770E+000   0.333032E+000  -0.437371E-001   0.434120E-001
-12.235188   0.535026E+000   0.391786E+000  -0.446029E-001   0.448634E-001
-12.062874   0.617254E+000   0.450765E+000  -0.428102E-001   0.438898E-001
-11.881816   0.695613E+000   0.506234E+000  -0.375588E-001   0.397035E-001
-11.688001   0.762553E+000   0.552419E+000  -0.280921E-001   0.315166E-001
-11.476916   0.806819E+000   0.580777E+000  -0.140878E-001   0.188766E-001
-11.245436   0.814069E+000   0.580578E+000   0.335755E-002   0.255709E-002
-10.997573   0.774668E+000   0.544976E+000   0.202889E-001  -0.140357E-001
-10.749104   0.699546E+000   0.482991E+000   0.308743E-001  -0.255026E-001
-10.516448   0.617586E+000   0.417027E+000   0.326135E-001  -0.291528E-001
-10.304362   0.550549E+000   0.363648E+000   0.279347E-001  -0.268040E-001
-10.109896   0.504386E+000   0.327290E+000   0.208210E-001  -0.218887E-001
 -9.928481   0.475369E+000   0.305114E+000   0.145208E-001  -0.173191E-001
 -9.756008   0.455919E+000   0.291441E+000   0.110108E-001  -0.149276E-001
 -9.589074   0.437743E+000   0.280100E+000   0.110420E-001  -0.154683E-001
 -9.424778   0.413564E+000   0.265701E+000   0.142951E-001  -0.187352E-001
 -9.260464   0.378272E+000   0.244461E+000   0.195581E-001  -0.237084E-001
 -9.093472   0.329853E+000   0.214856E+000   0.249489E-001  -0.287425E-001
 -8.920896   0.270211E+000   0.178183E+000   0.282377E-001  -0.318447E-001
 -8.739323   0.205744E+000   0.138910E+000   0.273613E-001  -0.311253E-001
 -8.544633   0.147196E+000   0.104464E+000   0.212696E-001  -0.255495E-001
 -8.332263   0.107315E+000   0.833813E-001   0.112227E-001  -0.161134E-001
 -8.099338   0.932507E-001   0.797295E-001   0.205370E-002  -0.705514E-002
 -7.850762   0.934852E-001   0.841500E-001   0.554074E-003  -0.460038E-002
 -7.603022   0.795465E-001   0.764611E-001   0.802581E-002  -0.103766E-001
 -7.371815   0.374924E-001   0.485409E-001   0.174527E-001  -0.184930E-001
 -7.161010  -0.212123E-001   0.102673E-001   0.222983E-001  -0.231118E-001
 -6.967413  -0.793833E-001  -0.255866E-001   0.213794E-001  -0.229728E-001
 -6.786508  -0.126852E+000  -0.521343E-001   0.169623E-001  -0.198803E-001
 -6.614294  -0.161777E+000  -0.688079E-001   0.121367E-001  -0.164181E-001
 -6.447462  -0.188003E+000  -0.791349E-001   0.926592E-002  -0.145678E-001
 -6.283185  -0.211813E+000  -0.882367E-001   0.929931E-002  -0.150822E-001
 -6.118891  -0.238951E+000  -0.100610E+000   0.116383E-001  -0.173511E-001
 -5.952002  -0.272131E+000  -0.118329E+000   0.144124E-001  -0.196386E-001
 -5.779689  -0.309212E+000  -0.139799E+000   0.151301E-001  -0.196600E-001
 -5.598631  -0.342482E+000  -0.159399E+000   0.117146E-001  -0.155156E-001
 -5.404816  -0.360008E+000  -0.168710E+000   0.390281E-002  -0.696771E-002
 -5.193731  -0.350924E+000  -0.160632E+000  -0.534223E-002   0.323767E-002
 -4.962251  -0.316441E+000  -0.137373E+000  -0.998298E-002   0.942619E-002
 -4.714388  -0.279423E+000  -0.116231E+000  -0.606832E-002   0.763708E-002
 -4.465919  -0.265336E+000  -0.113804E+000   0.628331E-003   0.282900E-002
 -4.233263  -0.266685E+000  -0.121623E+000   0.844591E-003   0.359371E-002
 -4.021176  -0.258485E+000  -0.120892E+000  -0.585222E-002   0.107014E-001
 -3.826711  -0.229906E+000  -0.105229E+000  -0.136046E-001   0.189866E-001
 -3.645295  -0.186771E+000  -0.805799E-001  -0.173112E-001   0.237085E-001
 -3.472822  -0.141555E+000  -0.569283E-001  -0.153885E-001   0.231884E-001
 -3.305889  -0.105077E+000  -0.420299E-001  -0.944748E-002   0.186405E-001
 -3.141593  -0.821585E-001  -0.384556E-001  -0.282338E-002   0.129224E-001
 -2.977278  -0.706042E-001  -0.432322E-001   0.111584E-002   0.904888E-002
 -2.810287  -0.627212E-001  -0.494252E-001   0.453545E-003   0.886029E-002
 -2.637711  -0.488148E-001  -0.491886E-001  -0.429466E-002   0.121126E-001
 -2.456137  -0.221022E-001  -0.377823E-001  -0.100348E-001   0.162827E-001
 -2.261448   0.160206E-001  -0.176052E-001  -0.122478E-001   0.175023E-001
 -2.049077   0.531426E-001   0.186354E-003  -0.796438E-002   0.130969E-001
 -1.816152   0.720332E-001   0.193287E-002  -0.251159E-004   0.533442E-002
 -1.567577   0.715594E-001  -0.107293E-001   0.276415E-002   0.179662E-002
 -1.319836   0.766127E-001  -0.151301E-001  -0.299356E-002   0.571981E-002
 -1.088630   0.102121E+000  -0.172222E-003  -0.902408E-002   0.102326E-001
 -0.877824   0.134505E+000   0.205433E-001  -0.850825E-002   0.939821E-002
 -0.684227   0.156190E+000   0.315914E-001  -0.269853E-002   0.410893E-002
 -0.503323   0.161340E+000   0.286842E-001   0.356262E-002  -0.160251E-002
 -0.331109   0.154719E+000   0.169017E-001   0.640585E-002  -0.446200E-002
 -0.164277   0.145442E+000   0.491758E-002   0.471555E-002  -0.350721E-002
  0.000000   0.141346E+000  -0.195420E-016   0.282523E-006  -0.299864E-006
  0.164295   0.145442E+000   0.491848E-002  -0.471533E-002   0.350687E-002
  0.331183   0.154720E+000   0.169066E-001  -0.640525E-002   0.446123E-002
  0.503496   0.161339E+000   0.286909E-001  -0.355792E-002   0.159808E-002
  0.684554   0.156165E+000   0.315830E-001   0.270971E-002  -0.411905E-002
  0.878370   0.134427E+000   0.204956E-001   0.851792E-002  -0.940733E-002
  1.089454   0.102003E+000  -0.249311E-003   0.901267E-002  -0.102246E-001
  1.320934   0.765414E-001  -0.151575E-001   0.295954E-002  -0.569441E-002
  1.568798   0.715708E-001  -0.106673E-001  -0.277420E-002  -0.179359E-002
  1.817267   0.720001E-001   0.196905E-002   0.567750E-004  -0.536661E-002
  2.049923   0.530258E-001   0.141687E-003   0.799152E-002  -0.131234E-001
  2.262009   0.159061E-001  -0.176665E-001   0.122503E-001  -0.175064E-001
  2.456474  -0.221662E-001  -0.378151E-001   0.100262E-001  -0.162767E-001
  2.637890  -0.488386E-001  -0.491955E-001   0.428838E-002  -0.121081E-001
  2.810363  -0.627288E-001  -0.494232E-001  -0.455077E-003  -0.885948E-002
  2.977297  -0.706086E-001  -0.432307E-001  -0.111553E-002  -0.904936E-002
  3.141593  -0.821628E-001  -0.384556E-001   0.282375E-002  -0.129229E-001
  3.305907  -0.105086E+000  -0.420326E-001   0.944871E-002  -0.186416E-001
  3.472899  -0.141581E+000  -0.569405E-001   0.153908E-001  -0.231900E-001
  3.645474  -0.186824E+000  -0.806096E-001   0.173103E-001  -0.237064E-001
  3.827048  -0.229980E+000  -0.105270E+000   0.135932E-001  -0.189739E-001
  4.021738  -0.258539E+000  -0.120916E+000   0.582942E-002  -0.106777E-001
  4.234108  -0.266688E+000  -0.121601E+000  -0.859452E-003  -0.357672E-002
  4.467033  -0.265350E+000  -0.113776E+000  -0.608065E-003  -0.284263E-002
  4.715609  -0.279562E+000  -0.116294E+000   0.610252E-002  -0.766074E-002
  4.963349  -0.316629E+000  -0.137491E+000   0.998124E-002  -0.941596E-002
  5.194556  -0.351014E+000  -0.160695E+000   0.531348E-002  -0.320459E-002
  5.405361  -0.360000E+000  -0.168707E+000  -0.392683E-002   0.699383E-002
  5.598958  -0.342441E+000  -0.159372E+000  -0.117246E-001   0.155268E-001
  5.779863  -0.309181E+000  -0.139777E+000  -0.151318E-001   0.196623E-001
  5.952076  -0.272118E+000  -0.118318E+000  -0.144123E-001   0.196387E-001
  6.118909  -0.238948E+000  -0.100606E+000  -0.116387E-001   0.173515E-001
  6.283185  -0.211811E+000  -0.882334E-001  -0.929988E-002   0.150826E-001
  6.447480  -0.187999E+000  -0.791305E-001  -0.926641E-002   0.145681E-001
  6.614368  -0.161763E+000  -0.687988E-001  -0.121384E-001   0.164193E-001
  6.786682  -0.126812E+000  -0.521103E-001  -0.169668E-001   0.198835E-001
  6.967740  -0.792928E-001  -0.255296E-001  -0.213843E-001   0.229759E-001
  7.161555  -0.210550E-001   0.103709E-001  -0.222934E-001   0.231062E-001
  7.372640   0.376841E-001   0.486707E-001  -0.174248E-001   0.184682E-001
  7.604120   0.796730E-001   0.765444E-001  -0.798184E-002   0.103404E-001
  7.851983   0.934969E-001   0.841435E-001  -0.536716E-003   0.459042E-002
  8.100452   0.932663E-001   0.797154E-001  -0.208267E-002   0.708605E-002
  8.333108   0.107420E+000   0.834294E-001  -0.112630E-001   0.161521E-001
  8.545194   0.147340E+000   0.104547E+000  -0.212931E-001   0.255715E-001
  8.739660   0.205864E+000   0.138983E+000  -0.273675E-001   0.311311E-001
  8.921075   0.270283E+000   0.178227E+000  -0.282360E-001   0.318434E-001
  9.093548   0.329886E+000   0.214875E+000  -0.249464E-001   0.287405E-001
  9.260482   0.378285E+000   0.244466E+000  -0.195570E-001   0.237077E-001
  9.424778   0.413572E+000   0.265703E+000  -0.142948E-001   0.187353E-001
  9.589092   0.437752E+000   0.280102E+000  -0.110418E-001   0.154684E-001
  9.756084   0.455934E+000   0.291446E+000  -0.110118E-001   0.149285E-001
  9.928660   0.475400E+000   0.305133E+000  -0.145264E-001   0.173234E-001
 10.110233   0.504460E+000   0.327343E+000  -0.208341E-001   0.218985E-001
 10.304923   0.550714E+000   0.363774E+000  -0.279527E-001   0.268159E-001
 10.517293   0.617883E+000   0.417261E+000  -0.326214E-001   0.291526E-001
 10.750218   0.699937E+000   0.483303E+000  -0.308463E-001   0.254681E-001
 10.998794   0.774975E+000   0.545229E+000  -0.202179E-001   0.139637E-001
 11.246534   0.814149E+000   0.580656E+000  -0.327684E-002  -0.263391E-002
 11.477741   0.806729E+000   0.580718E+000   0.141456E-001  -0.189295E-001
 11.688546   0.762415E+000   0.552315E+000   0.281227E-001  -0.315436E-001
 11.882143   0.695500E+000   0.506144E+000   0.375713E-001  -0.397140E-001
 12.063048   0.617187E+000   0.450706E+000   0.428140E-001  -0.438927E-001
 12.235262   0.534999E+000   0.391756E+000   0.446037E-001  -0.448639E-001
 12.402094   0.453767E+000   0.333020E+000   0.437375E-001  -0.434123E-001
 12.566371   0.376542E+000   0.276871E+000   0.409326E-001  -0.402261E-001
 12.730665   0.305220E+000   0.224800E+000   0.367997E-001  -0.358815E-001
 12.897554   0.240927E+000   0.177710E+000   0.318464E-001  -0.308517E-001
 13.069867   0.184275E+000   0.136106E+000   0.264907E-001  -0.255226E-001
 13.250925   0.135556E+000   0.100248E+000   0.210792E-001  -0.202113E-001
 13.444740   0.948785E-001   0.702496E-001   0.159065E-001  -0.151858E-001
 13.655825   0.622847E-001   0.461699E-001   0.112386E-001  -0.106870E-001
 13.887305   0.378019E-001   0.280531E-001   0.733325E-002  -0.694783E-002
 14.135168   0.212213E-001   0.157653E-001   0.441435E-002  -0.416856E-002
 14.383637   0.113959E-001   0.847411E-002   0.252560E-002  -0.237826E-002
 14.616293   0.612965E-002   0.456175E-002   0.143433E-002  -0.134758E-002
 14.828380   0.337613E-002   0.251423E-002   0.827153E-003  -0.775706E-003
 15.022845   0.190478E-002   0.141931E-002   0.485478E-003  -0.454598E-003
 15.204261   0.109285E-002   0.814722E-003   0.288421E-003  -0.269730E-003
 15.376734   0.632272E-003   0.471568E-003   0.172213E-003  -0.160873E-003
 15.543667   0.365887E-003   0.273000E-003   0.102606E-003  -0.957548E-004
 15.707963   0.210119E-003   0.156835E-003   0.605673E-004  -0.564715E-004
 15.872278   0.118770E-003   0.886829E-004   0.351520E-004  -0.327471E-004
 16.039269   0.654745E-004   0.489053E-004   0.198848E-004  -0.185095E-004
 16.211845   0.348118E-004   0.260110E-004   0.108470E-004  -0.100890E-004
 16.393419   0.175992E-004   0.131544E-004   0.562778E-005  -0.523054E-005
 16.588108   0.830574E-005   0.621020E-005   0.272786E-005  -0.253339E-005
 16.800479   0.357934E-005   0.267721E-005   0.120888E-005  -0.112184E-005
 17.033404   0.138445E-005   0.103590E-005   0.481508E-006  -0.446493E-006
 17.281979   0.487615E-006   0.364985E-006   0.174745E-006  -0.161914E-006
 17.529720   0.167299E-006   0.125268E-006   0.616899E-007  -0.571204E-007
 17.760926   0.600578E-007   0.449829E-007   0.227189E-007  -0.210233E-007
 17.971732   0.230958E-007   0.173031E-007   0.893523E-008  -0.826412E-008
 18.165329   0.943066E-008   0.706696E-008   0.372215E-008  -0.344105E-008
 18.346233   0.402001E-008   0.301304E-008   0.161570E-008  -0.149310E-008
 18.518447   0.175997E-008   0.131937E-008   0.719378E-009  -0.664553E-009
 18.685279   0.780164E-009   0.584955E-009   0.324011E-009  -0.299219E-009
 18.849556   0.345680E-009   0.259228E-009   0.145786E-009  -0.134589E-009
 19.013851   0.151205E-009   0.113408E-009   0.647346E-010  -0.597450E-010
 19.180739   0.644297E-010   0.483319E-010   0.279995E-010  -0.258339E-010
 19.353052   0.263328E-010   0.197566E-010   0.116180E-010  -0.107163E-010
 19.534110   0.101265E-010   0.759881E-011   0.453789E-011  -0.418449E-011
 19.727926   0.357593E-011   0.268378E-011   0.162881E-011  -0.150152E-011
 19.939010   0.112636E-011   0.845494E-012   0.522049E-012  -0.481103E-012
 20.170490   0.309109E-012   0.232073E-012   0.145963E-012  -0.134472E-012
 20.418354   0.750994E-013   0.563938E-013   0.361606E-013  -0.333028E-013
 20.666822   0.176261E-013   0.132382E-013   0.865048E-014  -0.796437E-014
 20.899479   0.441187E-014   0.331411E-014   0.220338E-014  -0.202806E-014
 21.111565   0.121960E-014   0.916269E-015   0.618661E-015  -0.569298E-015
 21.306030   0.368010E-015   0.276516E-015   0.189317E-015  -0.174174E-015
 21.487446   0.118372E-015   0.889527E-016   0.616830E-016  -0.567385E-016
 21.659919   0.396765E-016   0.298188E-016   0.209258E-016  -0.192450E-016
 21.826853   0.135901E-016   0.102146E-016   0.725034E-017  -0.666689E-017
 21.991148   0.467507E-017   0.351423E-017   0.252210E-017  -0.231878E-017
 22.155463   0.158869E-017   0.119433E-017   0.866531E-018  -0.796556E-018
 22.322454   0.524141E-018   0.394068E-018   0.289047E-018  -0.265667E-018
 22.495030   0.164590E-018   0.123756E-018   0.917882E-019  -0.843509E-019
 22.676604   0.480163E-019   0.361071E-019   0.270900E-019  -0.248913E-019
 22.871294   0.126259E-019   0.949536E-020   0.721104E-020  -0.662472E-020
 23.083664   0.288995E-020   0.217361E-020   0.167232E-020  -0.153610E-020
 23.316589   0.561827E-021   0.422613E-021   0.329735E-021  -0.302823E-021
 23.565165   0.956215E-022   0.719358E-022   0.569550E-022  -0.522972E-022
 23.812905   0.160030E-022   0.120403E-022   0.967030E-023  -0.887796E-023
 24.044111   0.295751E-023   0.222539E-023   0.181091E-023  -0.166228E-023
 24.254917   0.623858E-024   0.469465E-024   0.386536E-024  -0.354765E-024
 24.448514   0.147309E-024   0.110861E-024   0.922516E-025  -0.846590E-025
 24.629419   0.377510E-025   0.284125E-025   0.238755E-025  -0.219081E-025
 24.801632   0.102066E-025   0.768227E-026   0.651516E-026  -0.597772E-026
 24.968464   0.284219E-026   0.213938E-026   0.183041E-026  -0.167926E-026
 25.132741   0.798198E-027   0.600859E-027   0.518509E-027  -0.475651E-027
 25.297036   0.221661E-027   0.166869E-027   0.145227E-027  -0.133211E-027
 25.463924   0.596326E-028   0.448948E-028   0.394068E-028  -0.361433E-028
 25.636238   0.151831E-028   0.114314E-028   0.101218E-028  -0.928277E-029
 25.817296   0.355648E-029   0.267783E-029   0.239267E-029  -0.219413E-029
 26.011111   0.739787E-030   0.557054E-030   0.502536E-030  -0.460794E-030
 26.222195   0.131120E-030   0.987391E-031   0.900024E-031  -0.825184E-031
 26.453676   0.191798E-031   0.144442E-031   0.133148E-031  -0.122063E-031
 26.701539   0.237914E-032   0.179186E-032   0.167147E-032  -0.153216E-032
 26.950008   0.285089E-033   0.214731E-033   0.202673E-033  -0.185761E-033
 27.182664   0.380821E-034   0.286856E-034   0.273709E-034  -0.250846E-034
 27.394750   0.594678E-035   0.447971E-035   0.431653E-035  -0.395563E-035
 27.589216   0.106412E-035   0.801647E-036   0.779351E-036  -0.714136E-036
 27.770631   0.210421E-036   0.158526E-036   0.155390E-036  -0.142377E-036
 27.943104   0.444490E-037   0.334882E-037   0.330812E-037  -0.303090E-037
 28.110038   0.974620E-038   0.734318E-038   0.730809E-038  -0.669527E-038
 28.274334   0.216337E-038   0.163003E-038   0.163407E-038  -0.149696E-038
