 nmodes=            3  nfields=            2  max_plot=          289
 ky=   0.1439927697475710        width=    1.000000000000000     
 theta     ((Re(field_i), Im(field_i),i=(1,nfields)),j=1,nmodes)
Tearing metric:  [   0.156809E-003   0.112065E-003   0.199700E+001   0.199594E+001 ]
DEP: [   0.663012E-002   0.959418E-002   0.134802E-001   0.000000E+000]
chi_th: [  -0.494411E+003  -0.314505E+003  -0.291583E+004   0.000000E+000]
chi_i: [  -0.249890E+004  -0.559393E+004  -0.167793E+005   0.000000E+000]
chi_i_cond: [  -0.155684E+004  -0.370300E+004  -0.100029E+005   0.000000E+000]
chi_e: [   0.307028E+004   0.554452E+004   0.383245E+004   0.000000E+000]
chi_e_cond: [   0.114944E+003   0.162896E+004   0.114897E+004   0.000000E+000]
i_QL_cond_flux: [  -0.892925E-003  -0.212385E-002  -0.573718E-002   0.000000E+000]
e_QL_cond_flux: [   0.114944E-003   0.162896E-002   0.114897E-002   0.000000E+000]
QL_ratio: [   0.485367E+002   0.232505E+002   0.879903E+001             NaN]
EP QL convective fraction: [   0.108641E+001   0.137977E+001   0.189636E+001             NaN]
<theta^2>: [   0.220691E+002   0.104982E+002   0.340911E+002   0.208995E+002]
 Mode kept T/F for each mode:    T  T  F  F
 Theta      Re(phi)        Im(phi)        Re(B_per)        Im(B_per)
-28.274335  -0.795686E-143  -0.183681E-143   0.576206E-143  -0.185988E-142
-28.108890  -0.117180E-140  -0.270468E-141   0.842580E-141  -0.271985E-140
-27.940583  -0.178236E-138  -0.411331E-139   0.127234E-138  -0.410738E-138
-27.766268  -0.300579E-136  -0.693567E-137   0.212964E-136  -0.687539E-136
-27.582267  -0.607591E-134  -0.140175E-134   0.427099E-134  -0.137895E-133
-27.384236  -0.160205E-131  -0.369536E-132   0.111668E-131  -0.360565E-131
-27.167769  -0.591781E-129  -0.136476E-129   0.408749E-129  -0.131992E-128
-26.931499  -0.300545E-126  -0.692962E-127   0.205566E-126  -0.663869E-126
-26.683522  -0.164333E-123  -0.378814E-124   0.111269E-123  -0.359374E-123
-26.440986  -0.640180E-121  -0.147539E-121   0.429245E-121  -0.138650E-120
-26.215870  -0.140219E-118  -0.323087E-119   0.931749E-119  -0.300991E-118
-26.009451  -0.176459E-116  -0.406509E-117   0.116295E-116  -0.375710E-116
-25.818236  -0.143316E-114  -0.330098E-115   0.937372E-115  -0.302856E-114
-25.638166  -0.843071E-113  -0.194149E-113   0.547485E-113  -0.176900E-112
-25.465749  -0.394928E-111  -0.909315E-112   0.254711E-111  -0.823068E-111
-25.298099  -0.159164E-109  -0.366411E-110   0.101970E-109  -0.329527E-109
-25.132741  -0.589588E-108  -0.135705E-108   0.375232E-108  -0.121269E-107
-24.967392  -0.213226E-106  -0.490698E-107   0.134801E-106  -0.435688E-106
-24.799769  -0.798372E-105  -0.183697E-105   0.501294E-105  -0.162034E-104
-24.627398  -0.328970E-103  -0.756781E-104   0.205095E-103  -0.662983E-103
-24.447397  -0.159686E-101  -0.367277E-102   0.988074E-102  -0.319430E-101
-24.256278  -0.989089E-100  -0.227438E-100   0.607040E-100  -0.196265E-099
-24.049987  -0.857750E-098  -0.197188E-098   0.521729E-098  -0.168701E-097
-23.825026  -0.113475E-095  -0.260793E-096   0.683332E-096  -0.220981E-095
-23.582616  -0.227704E-093  -0.523150E-094   0.135604E-093  -0.438585E-093
-23.334603  -0.550614E-091  -0.126459E-091   0.324061E-091  -0.104827E-090
-23.098174  -0.111511E-088  -0.256016E-089   0.648660E-089  -0.209858E-088
-22.881553  -0.155327E-086  -0.356490E-087   0.893530E-087  -0.289121E-086
-22.683403  -0.149180E-084  -0.342268E-085   0.849173E-085  -0.274806E-084
-22.499317  -0.106425E-082  -0.244094E-083   0.599728E-083  -0.194108E-082
-22.324945  -0.610603E-081  -0.140002E-081   0.340749E-081  -0.110301E-080
-22.156604  -0.301883E-079  -0.691951E-080   0.166858E-079  -0.540196E-079
-21.991149  -0.136453E-077  -0.312663E-078   0.747028E-078  -0.241879E-077
-21.825705  -0.594666E-076  -0.136214E-076   0.322426E-076  -0.104412E-075
-21.657398  -0.262979E-074  -0.602170E-075   0.141180E-074  -0.457254E-074
-21.483083  -0.124414E-072  -0.284777E-073   0.661068E-073  -0.214139E-072
-21.299082  -0.666928E-071  -0.152596E-071   0.350535E-071  -0.113567E-070
-21.101051  -0.430835E-069  -0.985338E-070   0.223819E-069  -0.725259E-069
-20.884583  -0.352892E-067  -0.806687E-068   0.181022E-067  -0.586696E-067
-20.648314  -0.360309E-065  -0.823201E-066   0.182317E-065  -0.591025E-065
-20.400337  -0.381591E-063  -0.871327E-064   0.190366E-063  -0.617258E-063
-20.157800  -0.309051E-061  -0.705289E-062   0.152067E-061  -0.493190E-061
-19.932684  -0.161316E-059  -0.367942E-060   0.783683E-060  -0.254222E-059
-19.726266  -0.553642E-058  -0.126215E-058   0.265832E-058  -0.862518E-058
-19.535051  -0.136484E-056  -0.310997E-057   0.648240E-057  -0.210369E-056
-19.354981  -0.263508E-055  -0.600163E-056   0.123875E-055  -0.402078E-055
-19.182564  -0.427544E-054  -0.973331E-055   0.199012E-054  -0.646076E-054
-19.014914  -0.617190E-053  -0.140444E-053   0.284522E-053  -0.923844E-053
-18.849556  -0.831918E-052  -0.189220E-052   0.379838E-052  -0.123356E-051
-18.684207  -0.109374E-050  -0.248656E-051   0.494547E-051  -0.160639E-050
-18.516583  -0.146259E-049  -0.332350E-050   0.654742E-050  -0.212715E-049
-18.344212  -0.207686E-048  -0.471686E-049   0.920042E-049  -0.298968E-048
-18.164211  -0.328375E-047  -0.745368E-048   0.143856E-047  -0.467566E-047
-17.973093  -0.610793E-046  -0.138555E-046   0.264359E-046  -0.859443E-046
-17.766801  -0.142343E-044  -0.322670E-045   0.607874E-045  -0.197679E-044
-17.541841  -0.439807E-043  -0.996162E-044   0.185010E-043  -0.601841E-043
-17.299431  -0.178551E-041  -0.404039E-042   0.738552E-042  -0.240341E-041
-17.051418  -0.807544E-040  -0.182549E-040   0.328069E-040  -0.106804E-039
-16.814989  -0.315721E-038  -0.712946E-039   0.125974E-038  -0.410285E-038
-16.598368  -0.933772E-037  -0.210638E-037   0.366188E-037  -0.119313E-036
-16.400218  -0.210068E-035  -0.473380E-036   0.810320E-036  -0.264129E-035
-16.216131  -0.379441E-034  -0.854185E-035   0.144058E-034  -0.469753E-034
-16.041759  -0.582147E-033  -0.130917E-033   0.217611E-033  -0.709883E-033
-15.873419  -0.795983E-032  -0.178821E-032   0.293001E-032  -0.956201E-032
-15.707964  -0.101007E-030  -0.226673E-031   0.366097E-031  -0.119524E-030
-15.542520  -0.123267E-029  -0.276320E-030   0.439788E-030  -0.143645E-029
-15.374212  -0.149600E-028  -0.334953E-029   0.525105E-029  -0.171590E-028
-15.199897  -0.186741E-027  -0.417580E-028   0.644349E-028  -0.210659E-027
-15.015897  -0.248469E-026  -0.554840E-027   0.841837E-027  -0.275372E-026
-14.817865  -0.365706E-025  -0.815363E-026   0.121476E-025  -0.397596E-025
-14.601398  -0.612662E-024  -0.136356E-024   0.199133E-024  -0.652206E-024
-14.365128  -0.114973E-022  -0.255376E-023   0.364906E-023  -0.119606E-022
-14.117152  -0.214285E-021  -0.474929E-022   0.663259E-022  -0.217578E-021
-13.874615  -0.327827E-020  -0.724958E-021   0.989890E-021  -0.325000E-020
-13.649499  -0.372207E-019  -0.821316E-020   0.109804E-019  -0.360801E-019
-13.443080  -0.319681E-018  -0.703940E-019   0.922845E-019  -0.303471E-018
-13.251865  -0.220422E-017  -0.484389E-018   0.623435E-018  -0.205167E-017
-13.071795  -0.129058E-016  -0.283048E-017   0.357947E-017  -0.117884E-016
-12.899378  -0.671076E-016  -0.146886E-016   0.182604E-016  -0.601820E-016
-12.731728  -0.321079E-015  -0.701357E-016   0.857282E-016  -0.282750E-015
-12.566371  -0.145545E-014  -0.317260E-015   0.381250E-015  -0.125841E-014
-12.401022  -0.641244E-014  -0.139470E-014   0.164709E-014  -0.544101E-014
-12.233398  -0.281150E-013  -0.610057E-014   0.707522E-014  -0.233923E-013
-12.061027  -0.125554E-012  -0.271734E-013   0.309155E-013  -0.102309E-012
-11.881026  -0.585225E-012  -0.126296E-012   0.140739E-012  -0.466229E-012
-11.689907  -0.292513E-011  -0.629199E-012   0.685292E-012  -0.227283E-011
-11.483616  -0.161414E-010  -0.345874E-011   0.367110E-011  -0.121921E-010
-11.258655  -0.100576E-009  -0.214526E-010   0.221048E-010  -0.735303E-010
-11.016245  -0.696895E-009  -0.147829E-009   0.147233E-009  -0.490698E-009
-10.768233  -0.487947E-008  -0.102847E-008   0.986679E-009  -0.329560E-008
-10.531804  -0.302392E-007  -0.632956E-008   0.584160E-008  -0.195573E-007
-10.315183  -0.155915E-006  -0.323991E-007   0.287707E-007  -0.965551E-007
-10.117033  -0.675599E-006  -0.139335E-006   0.119099E-006  -0.400681E-006
 -9.932946  -0.254032E-005  -0.519795E-006   0.427658E-006  -0.144239E-005
 -9.758574  -0.854484E-005  -0.173386E-005   0.137219E-005  -0.464022E-005
 -9.590234  -0.263415E-004  -0.529707E-005   0.402707E-005  -0.136556E-004
 -9.424779  -0.758182E-004  -0.150968E-004   0.110019E-004  -0.374163E-004
 -9.259334  -0.206706E-003  -0.407095E-004   0.283505E-004  -0.967223E-004
 -9.091027  -0.539841E-003  -0.105002E-003   0.695764E-004  -0.238190E-003
 -8.916712  -0.136239E-002  -0.261192E-003   0.163680E-003  -0.562473E-003
 -8.732711  -0.334293E-002  -0.629997E-003   0.370191E-003  -0.127747E-002
 -8.534680  -0.799274E-002  -0.147513E-002   0.802794E-003  -0.278306E-002
 -8.318213  -0.185068E-001  -0.332758E-002   0.164722E-002  -0.573794E-002
 -8.081943  -0.405073E-001  -0.704851E-002   0.309354E-002  -0.108207E-001
 -7.833966  -0.798691E-001  -0.133604E-001   0.503524E-002  -0.176291E-001
 -7.591430  -0.135841E+000  -0.217725E-001   0.682150E-002  -0.237027E-001
 -7.366314  -0.199724E+000  -0.307489E-001   0.779770E-002  -0.264279E-001
 -7.159895  -0.262798E+000  -0.392253E-001   0.795466E-002  -0.255337E-001
 -6.968680  -0.321677E+000  -0.473111E-001   0.784786E-002  -0.230173E-001
 -6.788610  -0.378581E+000  -0.560298E-001   0.817720E-002  -0.217576E-001
 -6.616193  -0.439441E+000  -0.667148E-001   0.939498E-002  -0.241130E-001
 -6.448543  -0.511171E+000  -0.803255E-001   0.114420E-001  -0.308667E-001
 -6.283185  -0.598595E+000  -0.967950E-001   0.136472E-001  -0.406462E-001
 -6.117836  -0.701374E+000  -0.114515E+000   0.148248E-001  -0.499370E-001
 -5.950213  -0.811419E+000  -0.130125E+000   0.136174E-001  -0.538630E-001
 -5.777842  -0.911820E+000  -0.138916E+000   0.912786E-002  -0.479512E-001
 -5.597841  -0.979278E+000  -0.136324E+000   0.178262E-002  -0.308895E-001
 -5.406722  -0.992668E+000  -0.120869E+000  -0.595366E-002  -0.743488E-002
 -5.200431  -0.948763E+000  -0.978971E-001  -0.100485E-001   0.113660E-001
 -4.975470  -0.876572E+000  -0.800458E-001  -0.812993E-002   0.157930E-001
 -4.733060  -0.820250E+000  -0.759897E-001  -0.436174E-002   0.124033E-001
 -4.485047  -0.778008E+000  -0.736422E-001  -0.559227E-002   0.190040E-001
 -4.248619  -0.710875E+000  -0.587493E-001  -0.848605E-002   0.298453E-001
 -4.031997  -0.627605E+000  -0.420869E-001  -0.713269E-002   0.297719E-001
 -3.833847  -0.554866E+000  -0.355805E-001  -0.478459E-002   0.266457E-001
 -3.649761  -0.486674E+000  -0.346597E-001  -0.555378E-002   0.315396E-001
 -3.475389  -0.407207E+000  -0.310641E-001  -0.755686E-002   0.394771E-001
 -3.307048  -0.320147E+000  -0.248749E-001  -0.713255E-002   0.401542E-001
 -3.141593  -0.240760E+000  -0.214833E-001  -0.456300E-002   0.340704E-001
 -2.976149  -0.171920E+000  -0.225339E-001  -0.331201E-002   0.309972E-001
 -2.807842  -0.100259E+000  -0.237470E-001  -0.470381E-002   0.349966E-001
 -2.633527  -0.179316E-001  -0.217777E-001  -0.572194E-002   0.375867E-001
 -2.449526   0.616508E-001  -0.199927E-001  -0.373389E-002   0.308404E-001
 -2.251495   0.124080E+000  -0.229445E-001  -0.161718E-002   0.226411E-001
 -2.035027   0.183309E+000  -0.264274E-001  -0.292997E-002   0.237185E-001
 -1.798758   0.252456E+000  -0.242181E-001  -0.355141E-002   0.230527E-001
 -1.550781   0.304490E+000  -0.222047E-001  -0.135127E-002   0.145338E-001
 -1.308244   0.340501E+000  -0.236842E-001  -0.219945E-002   0.152116E-001
 -1.083128   0.388452E+000  -0.246510E-001  -0.397448E-002   0.188329E-001
 -0.876710   0.440305E+000  -0.259919E-001  -0.350435E-002   0.151289E-001
 -0.685495   0.485689E+000  -0.269669E-001  -0.360485E-002   0.119624E-001
 -0.505425   0.531464E+000  -0.234252E-001  -0.580471E-002   0.150045E-001
 -0.333008   0.581455E+000  -0.143294E-001  -0.743751E-002   0.181546E-001
 -0.165358   0.624050E+000  -0.433223E-002  -0.542710E-002   0.131779E-001
  0.000000   0.641090E+000  -0.252859E-017  -0.407517E-006  -0.157819E-005
  0.165349   0.624043E+000  -0.432938E-002   0.542616E-002  -0.131803E-001
  0.332973   0.581452E+000  -0.143228E-001   0.743690E-002  -0.181567E-001
  0.505343   0.531475E+000  -0.234163E-001   0.580542E-002  -0.150079E-001
  0.685344   0.485715E+000  -0.269596E-001   0.360559E-002  -0.119631E-001
  0.876463   0.440352E+000  -0.259867E-001   0.350303E-002  -0.151223E-001
  1.082755   0.388531E+000  -0.246447E-001   0.397526E-002  -0.188328E-001
  1.307715   0.340582E+000  -0.236799E-001   0.220501E-002  -0.152247E-001
  1.550125   0.304582E+000  -0.221978E-001   0.134764E-002  -0.145182E-001
  1.798138   0.252612E+000  -0.241993E-001   0.354729E-002  -0.230353E-001
  2.034567   0.183435E+000  -0.264206E-001   0.293488E-002  -0.237272E-001
  2.251188   0.124155E+000  -0.229441E-001   0.161647E-002  -0.226353E-001
  2.449338   0.617066E-001  -0.199842E-001   0.373066E-002  -0.308298E-001
  2.633424  -0.179059E-001  -0.217666E-001   0.572167E-002  -0.375859E-001
  2.807797  -0.100263E+000  -0.237378E-001   0.470439E-002  -0.349984E-001
  2.976137  -0.171937E+000  -0.225255E-001   0.331207E-002  -0.309977E-001
  3.141592  -0.240784E+000  -0.214746E-001   0.456302E-002  -0.340710E-001
  3.307036  -0.320171E+000  -0.248651E-001   0.713242E-002  -0.401547E-001
  3.475344  -0.407215E+000  -0.310527E-001   0.755725E-002  -0.394793E-001
  3.649658  -0.486657E+000  -0.346494E-001   0.555521E-002  -0.315454E-001
  3.833659  -0.554821E+000  -0.355696E-001   0.478361E-002  -0.266463E-001
  4.031691  -0.627507E+000  -0.420586E-001   0.712791E-002  -0.297648E-001
  4.248158  -0.710731E+000  -0.586984E-001   0.848814E-002  -0.298587E-001
  4.484428  -0.777903E+000  -0.736109E-001   0.560186E-002  -0.190366E-001
  4.732404  -0.820162E+000  -0.759826E-001   0.435699E-002  -0.124021E-001
  4.974941  -0.876441E+000  -0.800120E-001   0.812038E-002  -0.157864E-001
  5.200057  -0.948678E+000  -0.978485E-001   0.100507E-001  -0.113867E-001
  5.406476  -0.992671E+000  -0.120837E+000   0.596231E-002   0.740818E-002
  5.597691  -0.979323E+000  -0.136312E+000  -0.177606E-002   0.308763E-001
  5.777761  -0.911855E+000  -0.138915E+000  -0.912538E-002   0.479512E-001
  5.950178  -0.811427E+000  -0.130125E+000  -0.136172E-001   0.538681E-001
  6.117828  -0.701361E+000  -0.114514E+000  -0.148251E-001   0.499416E-001
  6.283185  -0.598574E+000  -0.967936E-001  -0.136473E-001   0.406496E-001
  6.448534  -0.511151E+000  -0.803255E-001  -0.114421E-001   0.308694E-001
  6.616158  -0.439426E+000  -0.667173E-001  -0.939521E-002   0.241154E-001
  6.788529  -0.378572E+000  -0.560351E-001  -0.817738E-002   0.217585E-001
  6.968530  -0.321683E+000  -0.473195E-001  -0.784768E-002   0.230157E-001
  7.159649  -0.262833E+000  -0.392380E-001  -0.795438E-002   0.255311E-001
  7.365940  -0.199800E+000  -0.307672E-001  -0.779853E-002   0.264294E-001
  7.590900  -0.135952E+000  -0.217955E-001  -0.682488E-002   0.237139E-001
  7.833311  -0.799782E-001  -0.133824E-001  -0.504072E-002   0.176484E-001
  8.081323  -0.405736E-001  -0.706252E-002  -0.309825E-002   0.108374E-001
  8.317752  -0.185333E-001  -0.333379E-002  -0.164973E-002   0.574679E-002
  8.534373  -0.800071E-002  -0.147733E-002  -0.803792E-003   0.278657E-002
  8.732523  -0.334466E-002  -0.630669E-003  -0.370516E-003   0.127860E-002
  8.916610  -0.136252E-002  -0.261371E-003  -0.163767E-003   0.562776E-003
  9.090982  -0.539713E-003  -0.105043E-003  -0.695941E-004   0.238252E-003
  9.259322  -0.206612E-003  -0.407177E-004  -0.283525E-004   0.967300E-004
  9.424777  -0.757767E-004  -0.150989E-004  -0.110020E-004   0.374168E-004
  9.590221  -0.263285E-004  -0.529822E-005  -0.402740E-005   0.136568E-004
  9.758529  -0.854259E-005  -0.173467E-005  -0.137263E-005   0.464175E-005
  9.932844  -0.254077E-005  -0.520282E-006  -0.427989E-006   0.144352E-005
 10.116845  -0.676197E-006  -0.139567E-006  -0.119275E-006   0.401278E-006
 10.314876  -0.156211E-006  -0.324867E-007  -0.288425E-007   0.967968E-007
 10.531343  -0.303355E-007  -0.635498E-008  -0.586368E-008   0.196314E-007
 10.767613  -0.490093E-008  -0.103388E-008  -0.991614E-009   0.331212E-008
 11.015590  -0.700146E-009  -0.148651E-009  -0.148013E-009   0.493305E-009
 11.258126  -0.100953E-009  -0.215528E-010  -0.222027E-010   0.738568E-010
 11.483242  -0.161813E-010  -0.347061E-011  -0.368289E-011   0.122313E-010
 11.689661  -0.292909E-011  -0.630670E-012  -0.686755E-012   0.227770E-011
 11.880876  -0.585509E-012  -0.126484E-012  -0.140922E-012   0.466837E-012
 12.060946  -0.125536E-012  -0.271974E-013  -0.309370E-013   0.102381E-012
 12.233363  -0.280989E-013  -0.610347E-014  -0.707728E-014   0.233993E-013
 12.401013  -0.640721E-014  -0.139505E-014  -0.164720E-014   0.544139E-014
 12.566371  -0.145415E-014  -0.317319E-015  -0.381251E-015   0.125842E-014
 12.731720  -0.320808E-015  -0.701537E-016  -0.857340E-016   0.282771E-015
 12.899343  -0.670668E-016  -0.146961E-016  -0.182662E-016   0.602012E-016
 13.071714  -0.129039E-016  -0.283327E-017  -0.358228E-017   0.117977E-016
 13.251715  -0.220551E-017  -0.485232E-018  -0.624389E-018   0.205482E-017
 13.442834  -0.320220E-018  -0.705955E-019  -0.925279E-019   0.304273E-018
 13.649125  -0.373407E-019  -0.824949E-020  -0.110263E-019   0.362311E-019
 13.874086  -0.329515E-020  -0.729580E-021  -0.995944E-021   0.326989E-020
 14.116496  -0.215750E-021  -0.478770E-022  -0.668441E-022   0.219279E-021
 14.364509  -0.115767E-022  -0.257466E-023  -0.367792E-023   0.120553E-022
 14.600937  -0.615956E-024  -0.137267E-024  -0.200410E-024   0.656394E-024
 14.817558  -0.366972E-025  -0.819271E-026  -0.122028E-025   0.399402E-025
 15.015709  -0.248911E-026  -0.556577E-027  -0.844265E-027   0.276167E-026
 15.199795  -0.186829E-027  -0.418352E-028  -0.645387E-028   0.210999E-027
 15.374167  -0.149534E-028  -0.335274E-029  -0.525483E-029   0.171714E-028
 15.542508  -0.123145E-029  -0.276440E-030  -0.439874E-030   0.143674E-029
 15.707963  -0.100888E-030  -0.226732E-031  -0.366104E-031   0.119527E-030
 15.873407  -0.795177E-032  -0.178901E-032  -0.293060E-032   0.956396E-032
 16.041714  -0.581878E-033  -0.131051E-033  -0.217778E-033   0.710429E-033
 16.216029  -0.379642E-034  -0.855919E-035  -0.144313E-034   0.470587E-034
 16.400030  -0.210495E-035  -0.475063E-036  -0.812982E-036   0.264998E-035
 16.598061  -0.937594E-037  -0.211827E-037  -0.368151E-037   0.119953E-036
 16.814528  -0.317806E-038  -0.718779E-039  -0.126967E-038   0.413520E-038
 17.050798  -0.814685E-040  -0.184457E-040  -0.331395E-040   0.107888E-039
 17.298775  -0.180183E-041  -0.408393E-042  -0.746275E-042   0.242855E-041
 17.541312  -0.442967E-043  -0.100497E-043  -0.186589E-043   0.606978E-043
 17.766428  -0.143010E-044  -0.324723E-045  -0.611558E-045   0.198877E-044
 17.972846  -0.612354E-046  -0.139145E-046  -0.265405E-046   0.862847E-046
 18.164061  -0.328687E-047  -0.747354E-048  -0.144197E-047   0.468677E-047
 18.344131  -0.207647E-048  -0.472414E-049  -0.921194E-049   0.299344E-048
 18.516548  -0.146122E-049  -0.332619E-050  -0.655081E-050   0.212826E-049
 18.684198  -0.109226E-050  -0.248757E-051  -0.494603E-051   0.160657E-050
 18.849556  -0.830684E-052  -0.189276E-052  -0.379839E-052   0.123356E-051
 19.014905  -0.616337E-053  -0.140502E-053  -0.284555E-053   0.923953E-053
 19.182529  -0.427129E-054  -0.974149E-055  -0.199119E-054   0.646426E-054
 19.354899  -0.263457E-055  -0.601144E-056  -0.124040E-055   0.402614E-055
 19.534900  -0.136625E-056  -0.311895E-057  -0.649907E-057   0.210910E-056
 19.726019  -0.555215E-058  -0.126810E-058  -0.266999E-058   0.866307E-058
 19.932311  -0.162176E-059  -0.370602E-060  -0.789086E-060   0.255975E-059
 20.157271  -0.311650E-061  -0.712577E-062  -0.153586E-061   0.498116E-061
 20.399681  -0.385799E-063  -0.882639E-064  -0.192768E-063   0.625051E-063
 20.647694  -0.364279E-065  -0.833904E-066  -0.184622E-065   0.598496E-065
 20.884123  -0.355890E-067  -0.815158E-068  -0.182857E-067   0.592648E-067
 21.100744  -0.433176E-069  -0.992684E-070  -0.225408E-069   0.730413E-069
 21.298894  -0.668786E-071  -0.153332E-071  -0.352104E-071   0.114075E-070
 21.482980  -0.124509E-072  -0.285581E-073  -0.662706E-073   0.214670E-072
 21.657353  -0.262814E-074  -0.603040E-075  -0.141336E-074   0.457758E-074
 21.825693  -0.593803E-076  -0.136301E-076  -0.322521E-076   0.104443E-075
 21.991148  -0.136216E-077  -0.312781E-078  -0.747050E-078   0.241887E-077
 22.156592  -0.301437E-079  -0.692402E-080  -0.166909E-079   0.540360E-079
 22.324900  -0.610205E-081  -0.140212E-081  -0.341139E-081   0.110428E-080
 22.499214  -0.106511E-082  -0.244824E-083  -0.601305E-083   0.194618E-082
 22.683215  -0.149630E-084  -0.344055E-085  -0.853290E-085   0.276139E-084
 22.881247  -0.156262E-086  -0.359431E-087  -0.900560E-087   0.291396E-086
 23.097714  -0.112586E-088  -0.259063E-089  -0.656124E-089   0.212273E-088
 23.333984  -0.557675E-091  -0.128371E-091  -0.328829E-091   0.106369E-090
 23.581960  -0.230703E-093  -0.531256E-094  -0.137649E-093   0.445201E-093
 23.824497  -0.114643E-095  -0.264089E-096  -0.691689E-096   0.223684E-095
 24.049613  -0.863486E-098  -0.198971E-098  -0.526236E-098   0.170158E-097
 24.256032  -0.992693E-100  -0.228806E-100  -0.610448E-100   0.197367E-099
 24.447247  -0.159904E-101  -0.368653E-102  -0.991384E-102   0.320500E-101
 24.627317  -0.328892E-103  -0.758413E-104  -0.205456E-103   0.664152E-103
 24.799733  -0.797345E-105  -0.183903E-105  -0.501659E-105   0.162152E-104
 24.967383  -0.212828E-106  -0.490971E-107  -0.134823E-106   0.435758E-106
 25.132741  -0.588385E-108  -0.135760E-108  -0.375232E-108   0.121269E-107
 25.298090  -0.158863E-109  -0.366617E-110  -0.101986E-109   0.329581E-109
 25.465714  -0.394407E-111  -0.910363E-112  -0.254901E-111   0.823684E-111
 25.638085  -0.842864E-113  -0.194585E-113  -0.548489E-113   0.177225E-112
 25.818086  -0.143524E-114  -0.331404E-115  -0.940691E-115   0.303929E-114
 26.009205  -0.177150E-116  -0.409132E-117  -0.116996E-116   0.377976E-116
 26.215496  -0.141244E-118  -0.326277E-119  -0.940545E-119   0.303833E-118
 26.440456  -0.647525E-121  -0.149615E-121  -0.435093E-121   0.140540E-120
 26.682867  -0.166796E-123  -0.385489E-124  -0.113178E-123   0.365543E-123
 26.930879  -0.305028E-126  -0.705143E-127  -0.209084E-126   0.675234E-126
 27.167308  -0.598561E-129  -0.138405E-129  -0.414338E-129   0.133797E-128
 27.383929  -0.161375E-131  -0.373228E-132  -0.112733E-131   0.364005E-131
 27.582079  -0.609862E-134  -0.141077E-134  -0.429657E-134   0.138721E-133
 27.766166  -0.300891E-136  -0.696170E-137  -0.213668E-136   0.689812E-136
 27.940538  -0.178090E-138  -0.412117E-139  -0.127420E-138   0.411340E-138
 28.108878  -0.116957E-140  -0.270695E-141  -0.842909E-141   0.272092E-140
 28.274333  -0.793876E-143  -0.183771E-143  -0.576228E-143   0.185996E-142
