 nmodes=            2  nfields=            2  max_plot=          289
 ky=   2.7213857052369370E-002   width=    1.349854227405248     
 theta     ((Re(field_i), Im(field_i),i=(1,nfields)),j=1,nmodes)
Tearing metric:  [   0.250409E-003   0.182399E-003   0.266774E-003   0.139184E-002 ]
DEP: [   0.432786E-004   0.173494E-003   0.000000E+000   0.000000E+000]
chi_th: [  -0.309361E+001   0.122877E+002   0.000000E+000   0.000000E+000]
chi_i: [  -0.979347E+001  -0.230130E+002   0.000000E+000   0.000000E+000]
chi_i_cond: [  -0.464345E+001  -0.161881E+002   0.000000E+000   0.000000E+000]
chi_e: [   0.134608E+001   0.587516E+002   0.000000E+000   0.000000E+000]
chi_e_cond: [  -0.202410E+001   0.319381E+002   0.000000E+000   0.000000E+000]
i_QL_cond_flux: [  -0.320432E-005  -0.111710E-004   0.000000E+000   0.000000E+000]
e_QL_cond_flux: [  -0.202410E-005   0.319381E-004   0.000000E+000   0.000000E+000]
QL_ratio: [   0.230643E+003   0.241305E+003             NaN             NaN]
EP QL convective fraction: [   0.371351E+000   0.408147E+000             NaN             NaN]
<theta^2>: [   0.859121E+001   0.161227E+002   0.128547E+002   0.556383E+002]
 Mode kept T/F for each mode:    T  T  F  F
 Theta      Re(phi)        Im(phi)        Re(B_per)        Im(B_per)
-28.274335  -0.126144E-069  -0.136930E-071   0.677588E-071  -0.937033E-070
-28.107277  -0.191435E-068  -0.207858E-070   0.102029E-069  -0.141096E-068
-27.936936  -0.298790E-067  -0.324513E-069   0.157973E-068  -0.218460E-067
-27.759588  -0.506160E-066  -0.549899E-068   0.265368E-067  -0.366976E-066
-27.570631  -0.991729E-065  -0.107778E-066   0.515274E-066  -0.712571E-065
-27.364267  -0.241974E-063  -0.263067E-065   0.124487E-064  -0.172153E-063
-27.134689  -0.778687E-062  -0.846921E-064   0.396234E-063  -0.547952E-062
-26.883264  -0.306559E-060  -0.333579E-062   0.154147E-061  -0.213170E-060
-26.629329  -0.105193E-058  -0.114520E-060   0.522765E-060  -0.722931E-059
-26.394986  -0.229124E-057  -0.249549E-059   0.112677E-058  -0.155821E-057
-26.184152  -0.313475E-056  -0.341553E-058   0.152763E-057  -0.211255E-056
-25.991234  -0.304438E-055  -0.331826E-057   0.147170E-056  -0.203521E-055
-25.810184  -0.235456E-054  -0.256723E-056   0.112988E-055  -0.156251E-054
-25.636444  -0.157650E-053  -0.171945E-055   0.751272E-055  -0.103893E-053
-25.466862  -0.967247E-053  -0.105528E-054   0.457844E-054  -0.633151E-053
-25.299383  -0.564311E-052  -0.615867E-054   0.265348E-053  -0.366949E-052
-25.132741  -0.320407E-051  -0.349791E-053   0.149664E-052  -0.206970E-051
-24.966103  -0.179844E-050  -0.196402E-052   0.834469E-052  -0.115398E-050
-24.798637  -0.101325E-049  -0.110691E-051   0.466959E-051  -0.645756E-050
-24.629084  -0.585509E-049  -0.639863E-051   0.267952E-050  -0.370550E-049
-24.455396  -0.358816E-048  -0.392275E-050   0.163007E-049  -0.225421E-048
-24.274431  -0.245119E-047  -0.268088E-049   0.110477E-048  -0.152778E-047
-24.081644  -0.200362E-046  -0.219241E-048   0.895125E-048  -0.123786E-046
-23.870999  -0.215186E-045  -0.235594E-047   0.951627E-047  -0.131599E-045
-23.636902  -0.332634E-044  -0.364427E-046   0.145345E-045  -0.200996E-044
-23.383104  -0.716191E-043  -0.785279E-045   0.308637E-044  -0.426809E-043
-23.131496  -0.160766E-041  -0.176428E-043   0.682846E-043  -0.944295E-042
-22.901675  -0.282991E-040  -0.310827E-042   0.118556E-041  -0.163948E-040
-22.695128  -0.372626E-039  -0.409613E-041   0.154131E-040  -0.213144E-039
-22.506042  -0.390244E-038  -0.429317E-040   0.159505E-039  -0.220574E-038
-22.328611  -0.348204E-037  -0.383363E-039   0.140708E-038  -0.194581E-037
-22.158222  -0.279838E-036  -0.308331E-038   0.111830E-037  -0.154646E-036
-21.991149  -0.211722E-035  -0.233463E-037   0.836776E-037  -0.115714E-035
-21.824092  -0.156625E-034  -0.172849E-036   0.612110E-036  -0.846457E-035
-21.653750  -0.117466E-033  -0.129745E-035   0.453780E-035  -0.627508E-034
-21.476402  -0.928499E-033  -0.102651E-034   0.354335E-034  -0.489988E-033
-21.287445  -0.809333E-032  -0.895687E-034   0.304823E-033  -0.421519E-032
-21.081081  -0.819317E-031  -0.907793E-033   0.304141E-032  -0.420574E-031
-20.851504  -0.100134E-029  -0.111097E-031   0.365729E-031  -0.505735E-030
-20.600079  -0.139502E-028  -0.155009E-030   0.500559E-030  -0.692174E-029
-20.346143  -0.173547E-027  -0.193140E-029   0.611821E-029  -0.846019E-028
-20.111801  -0.154239E-026  -0.171902E-028   0.535184E-028  -0.740040E-027
-19.900967  -0.976641E-026  -0.108990E-027   0.334208E-027  -0.462131E-026
-19.708049  -0.482114E-025  -0.538662E-027   0.162953E-026  -0.225323E-025
-19.526999  -0.201628E-024  -0.225529E-026   0.673783E-026  -0.931667E-025
-19.353259  -0.758419E-024  -0.849239E-026   0.250718E-025  -0.346675E-024
-19.183677  -0.267156E-023  -0.299469E-025   0.873919E-025  -0.120838E-023
-19.016198  -0.904609E-023  -0.101512E-024   0.292842E-024  -0.404915E-023
-18.849556  -0.299249E-022  -0.336178E-024   0.958636E-024  -0.132550E-022
-18.682918  -0.977662E-022  -0.109957E-023   0.309881E-023  -0.428467E-022
-18.515452  -0.318734E-021  -0.358902E-023   0.999342E-023  -0.138176E-021
-18.345899  -0.105208E-020  -0.118616E-022   0.326170E-022  -0.450980E-021
-18.172211  -0.359517E-020  -0.405880E-022   0.110140E-021  -0.152284E-020
-17.991246  -0.131433E-019  -0.148604E-021   0.397486E-021  -0.549572E-020
-17.798459  -0.538315E-019  -0.609684E-021   0.160457E-020  -0.221847E-019
-17.587813  -0.262256E-018  -0.297632E-020   0.768632E-020  -0.106269E-018
-17.353717  -0.160742E-017  -0.182881E-019   0.461704E-019  -0.638325E-018
-17.099918  -0.120532E-016  -0.137546E-018   0.338145E-018  -0.467484E-017
-16.848311  -0.910249E-016  -0.104218E-017   0.249056E-017  -0.344308E-016
-16.618490  -0.575836E-015  -0.661475E-017   0.153795E-016  -0.212606E-015
-16.411943  -0.297271E-014  -0.342572E-016   0.776126E-016  -0.107288E-014
-16.222857  -0.130749E-013  -0.151143E-015   0.334076E-015  -0.461795E-014
-16.045425  -0.513114E-013  -0.594983E-015   0.128389E-014  -0.177466E-013
-15.875036  -0.186339E-012  -0.216748E-014   0.456678E-014  -0.631222E-013
-15.707964  -0.644141E-012  -0.751680E-014   0.154592E-013  -0.213669E-012
-15.540907  -0.216968E-011  -0.254051E-013   0.509605E-013  -0.704317E-012
-15.370565  -0.727547E-011  -0.854992E-013   0.167057E-012  -0.230875E-011
-15.193217  -0.248272E-010  -0.292924E-012   0.556393E-012  -0.768905E-011
-15.004260  -0.883536E-010  -0.104709E-011   0.192791E-011  -0.266410E-010
-14.797896  -0.336693E-009  -0.401067E-011   0.712891E-011  -0.985043E-010
-14.568318  -0.139678E-008  -0.167384E-010   0.285690E-010  -0.394718E-009
-14.316894  -0.606467E-008  -0.731794E-010   0.119300E-009  -0.164812E-008
-14.062958  -0.239927E-007  -0.291605E-009   0.453384E-009  -0.626270E-008
-13.828615  -0.770108E-007  -0.942368E-009   0.140180E-008  -0.193612E-007
-13.617782  -0.202196E-006  -0.248957E-008   0.355831E-008  -0.491408E-007
-13.424863  -0.458792E-006  -0.568117E-008   0.782746E-008  -0.108087E-006
-13.243813  -0.943619E-006  -0.117479E-007   0.156332E-007  -0.215853E-006
-13.070073  -0.181842E-005  -0.227581E-007   0.292747E-007  -0.404165E-006
-12.900492  -0.335513E-005  -0.422109E-007   0.524856E-007  -0.724538E-006
-12.733013  -0.600780E-005  -0.759861E-007   0.912682E-007  -0.125977E-005
-12.566371  -0.105244E-004  -0.133837E-006   0.155106E-006  -0.214068E-005
-12.399732  -0.181271E-004  -0.231817E-006   0.258812E-006  -0.357152E-005
-12.232267  -0.308325E-004  -0.396609E-006   0.425688E-006  -0.587355E-005
-12.062714  -0.520856E-004  -0.674129E-006   0.693656E-006  -0.956948E-005
-11.889025  -0.881150E-004  -0.114799E-005   0.112789E-005  -0.155574E-004
-11.708061  -0.150986E-003  -0.198136E-005   0.184764E-005  -0.254801E-004
-11.515273  -0.265839E-003  -0.351721E-005   0.308460E-005  -0.425279E-004
-11.304628  -0.488519E-003  -0.652535E-005   0.530626E-005  -0.731343E-004
-11.070532  -0.943908E-003  -0.127513E-004   0.941150E-005  -0.129655E-003
-10.816733  -0.186137E-002  -0.254688E-004   0.166057E-004  -0.228601E-003
-10.565126  -0.345523E-002  -0.478806E-004   0.269440E-004  -0.370520E-003
-10.335305  -0.571059E-002  -0.800029E-004   0.383039E-004  -0.525850E-003
-10.128757  -0.844678E-002  -0.119377E-003   0.480230E-004  -0.657491E-003
 -9.939672  -0.114462E-001  -0.162904E-003   0.541341E-004  -0.737704E-003
 -9.762240  -0.144918E-001  -0.207532E-003   0.556081E-004  -0.751314E-003
 -9.591851  -0.173846E-001  -0.250789E-003   0.524908E-004  -0.697409E-003
 -9.424779  -0.199729E-001  -0.291713E-003   0.460848E-004  -0.591606E-003
 -9.257721  -0.221982E-001  -0.332396E-003   0.390773E-004  -0.467534E-003
 -9.087380  -0.241566E-001  -0.380395E-003   0.354625E-004  -0.375500E-003
 -8.910032  -0.261733E-001  -0.452309E-003   0.400133E-004  -0.375156E-003
 -8.721075  -0.288702E-001  -0.578527E-003   0.568546E-004  -0.516621E-003
 -8.514711  -0.331464E-001  -0.806942E-003   0.863563E-004  -0.801171E-003
 -8.285133  -0.397957E-001  -0.119273E-002   0.119845E-003  -0.111905E-002
 -8.033708  -0.482478E-001  -0.173517E-002   0.137376E-003  -0.123755E-002
 -7.779773  -0.556203E-001  -0.228373E-002   0.126052E-003  -0.103921E-002
 -7.545430  -0.596542E-001  -0.265781E-002   0.995347E-004  -0.716661E-003
 -7.334596  -0.607617E-001  -0.282616E-002   0.751411E-004  -0.461484E-003
 -7.141678  -0.601623E-001  -0.284492E-002   0.583217E-004  -0.307855E-003
 -6.960628  -0.587504E-001  -0.277757E-002   0.478653E-004  -0.217708E-003
 -6.786888  -0.570364E-001  -0.267482E-002   0.410094E-004  -0.144958E-003
 -6.617306  -0.552904E-001  -0.257531E-002   0.354198E-004  -0.574509E-004
 -6.449827  -0.536518E-001  -0.250808E-002   0.298137E-004   0.570890E-004
 -6.283185  -0.521932E-001  -0.249303E-002   0.240879E-004   0.191173E-003
 -6.116547  -0.509545E-001  -0.253997E-002   0.190994E-004   0.323425E-003
 -5.949081  -0.499557E-001  -0.264902E-002   0.161131E-004   0.430516E-003
 -5.779528  -0.491872E-001  -0.281361E-002   0.160963E-004   0.502055E-003
 -5.605840  -0.485734E-001  -0.302603E-002   0.191449E-004   0.554223E-003
 -5.424876  -0.478893E-001  -0.328482E-002   0.242439E-004   0.640554E-003
 -5.232088  -0.465879E-001  -0.360595E-002   0.296441E-004   0.857357E-003
 -5.021443  -0.434920E-001  -0.404164E-002   0.347808E-004   0.132441E-002
 -4.787346  -0.365305E-001  -0.469847E-002   0.448264E-004   0.208095E-002
 -4.533548  -0.237294E-001  -0.567642E-002   0.700971E-004   0.289409E-002
 -4.281940  -0.616396E-002  -0.687119E-002   0.101360E-003   0.343522E-002
 -4.052119   0.129460E-001  -0.805407E-002   0.111104E-003   0.375100E-002
 -3.845572   0.318027E-001  -0.915188E-002   0.988498E-004   0.394224E-002
 -3.656486   0.496913E-001  -0.101881E-001   0.839973E-004   0.395556E-002
 -3.479055   0.662501E-001  -0.111611E-001   0.771803E-004   0.379628E-002
 -3.308666   0.816251E-001  -0.120275E-001   0.735063E-004   0.361894E-002
 -3.141593   0.966072E-001  -0.127438E-001   0.627487E-004   0.362178E-002
 -2.974536   0.112376E+000  -0.133144E-001   0.422044E-004   0.388936E-002
 -2.804194   0.129995E+000  -0.138133E-001   0.211525E-004   0.432792E-002
 -2.626846   0.150114E+000  -0.143570E-001   0.116409E-004   0.477688E-002
 -2.437889   0.173436E+000  -0.150252E-001   0.929214E-005   0.527006E-002
 -2.231525   0.202321E+000  -0.157559E-001  -0.184656E-004   0.624309E-002
 -2.001948   0.242568E+000  -0.163210E-001  -0.106718E-003   0.828544E-002
 -1.750523   0.301013E+000  -0.165285E-001  -0.240018E-003   0.113818E-001
 -1.496587   0.377233E+000  -0.163478E-001  -0.411054E-003   0.151844E-001
 -1.262245   0.465724E+000  -0.155334E-001  -0.687949E-003   0.198686E-001
 -1.051411   0.563342E+000  -0.138008E-001  -0.105053E-002   0.247951E-001
 -0.858493   0.666148E+000  -0.112276E-001  -0.137605E-002   0.284011E-001
 -0.677443   0.767695E+000  -0.816738E-002  -0.154288E-002   0.292622E-001
 -0.503703   0.859971E+000  -0.507750E-002  -0.147778E-002   0.265798E-001
 -0.334121   0.934422E+000  -0.242668E-002  -0.116426E-002   0.202730E-001
 -0.166642   0.983059E+000  -0.634209E-003  -0.641953E-003   0.109829E-001
  0.000000   0.100000E+001  -0.549638E-016   0.322420E-007  -0.972957E-006
  0.166638   0.983054E+000  -0.634293E-003   0.642006E-003  -0.109846E-001
  0.334104   0.934417E+000  -0.242668E-002   0.116428E-002  -0.202739E-001
  0.503657   0.859976E+000  -0.507704E-002   0.147778E-002  -0.265798E-001
  0.677345   0.767729E+000  -0.816599E-002   0.154295E-002  -0.292625E-001
  0.858310   0.666230E+000  -0.112251E-001   0.137632E-002  -0.284038E-001
  1.051097   0.563487E+000  -0.137976E-001   0.105113E-002  -0.248024E-001
  1.261742   0.465931E+000  -0.155308E-001   0.688741E-003  -0.198803E-001
  1.495839   0.377484E+000  -0.163467E-001   0.411718E-003  -0.151974E-001
  1.749638   0.301245E+000  -0.165288E-001   0.240518E-003  -0.113935E-001
  2.001245   0.242712E+000  -0.163225E-001   0.107080E-003  -0.829312E-002
  2.231066   0.202394E+000  -0.157578E-001   0.185881E-004  -0.624598E-002
  2.437613   0.173472E+000  -0.150266E-001  -0.928585E-005  -0.527078E-002
  2.626699   0.150131E+000  -0.143578E-001  -0.116421E-004  -0.477718E-002
  2.804130   0.130000E+000  -0.138137E-001  -0.211482E-004  -0.432811E-002
  2.974520   0.112375E+000  -0.133147E-001  -0.422046E-004  -0.388940E-002
  3.141592   0.966048E-001  -0.127440E-001  -0.627527E-004  -0.362175E-002
  3.308649   0.816245E-001  -0.120278E-001  -0.735114E-004  -0.361888E-002
  3.478991   0.662546E-001  -0.111617E-001  -0.771852E-004  -0.379616E-002
  3.656339   0.497048E-001  -0.101892E-001  -0.839925E-004  -0.395548E-002
  3.845296   0.318294E-001  -0.915365E-002  -0.988270E-004  -0.394242E-002
  4.051660   0.129892E-001  -0.805686E-002  -0.111096E-003  -0.375154E-002
  4.281238  -0.610580E-002  -0.687519E-002  -0.101436E-003  -0.343632E-002
  4.532662  -0.236729E-001  -0.568065E-002  -0.702159E-004  -0.289642E-002
  4.786598  -0.364983E-001  -0.470124E-002  -0.448789E-004  -0.208354E-002
  5.020940  -0.434794E-001  -0.404305E-002  -0.347952E-004  -0.132584E-002
  5.231774  -0.465831E-001  -0.360672E-002  -0.296534E-004  -0.857855E-003
  5.424693  -0.478868E-001  -0.328531E-002  -0.242516E-004  -0.640674E-003
  5.605743  -0.485714E-001  -0.302638E-002  -0.191503E-004  -0.554249E-003
  5.779483  -0.491853E-001  -0.281388E-002  -0.161000E-004  -0.502068E-003
  5.949064  -0.499539E-001  -0.264922E-002  -0.161159E-004  -0.430526E-003
  6.116543  -0.509530E-001  -0.254012E-002  -0.191017E-004  -0.323433E-003
  6.283185  -0.521917E-001  -0.249314E-002  -0.240899E-004  -0.191183E-003
  6.449823  -0.536504E-001  -0.250817E-002  -0.298158E-004  -0.571023E-004
  6.617289  -0.552888E-001  -0.257539E-002  -0.354225E-004   0.574315E-004
  6.786842  -0.570344E-001  -0.267491E-002  -0.410127E-004   0.144931E-003
  6.960530  -0.587478E-001  -0.277765E-002  -0.478678E-004   0.217659E-003
  7.141495  -0.601594E-001  -0.284502E-002  -0.583175E-004   0.307726E-003
  7.334283  -0.607600E-001  -0.282638E-002  -0.751177E-004   0.461125E-003
  7.544928  -0.596584E-001  -0.265844E-002  -0.994790E-004   0.715861E-003
  7.779024  -0.556380E-001  -0.228512E-002  -0.125987E-003   0.103813E-002
  8.032823  -0.482779E-001  -0.173701E-002  -0.137390E-003   0.123724E-002
  8.284430  -0.398206E-001  -0.119397E-002  -0.119938E-003   0.111974E-002
  8.514251  -0.331596E-001  -0.807437E-003  -0.864365E-004   0.801854E-003
  8.720799  -0.288762E-001  -0.578602E-003  -0.568924E-004   0.516901E-003
  8.909884  -0.261765E-001  -0.452181E-003  -0.400244E-004   0.375182E-003
  9.087316  -0.241588E-001  -0.380152E-003  -0.354654E-004   0.375468E-003
  9.257705  -0.222002E-001  -0.332069E-003  -0.390801E-004   0.467523E-003
  9.424777  -0.199748E-001  -0.291328E-003  -0.460882E-004   0.591611E-003
  9.591834  -0.173868E-001  -0.250379E-003  -0.524933E-004   0.697405E-003
  9.762176  -0.144948E-001  -0.207137E-003  -0.556101E-004   0.751306E-003
  9.939524  -0.114506E-001  -0.162566E-003  -0.541393E-004   0.737745E-003
 10.128481  -0.845264E-002  -0.119125E-003  -0.480367E-004   0.657657E-003
 10.334845  -0.571754E-002  -0.798467E-004  -0.383302E-004   0.526195E-003
 10.564423  -0.346203E-002  -0.478047E-004  -0.269799E-004   0.371003E-003
 10.815848  -0.186619E-002  -0.254342E-004  -0.166379E-004   0.229039E-003
 11.069783  -0.946182E-003  -0.127266E-004  -0.942909E-005   0.129894E-003
 11.304126  -0.489388E-003  -0.650633E-005  -0.531345E-005   0.732322E-004
 11.514960  -0.266161E-003  -0.350395E-005  -0.308725E-005   0.425639E-004
 11.707878  -0.151108E-003  -0.197261E-005  -0.184856E-005   0.254924E-004
 11.888928  -0.881641E-004  -0.114238E-005  -0.112818E-005   0.155612E-004
 12.062668  -0.521069E-004  -0.670602E-006  -0.693737E-006   0.957048E-005
 12.232249  -0.308428E-004  -0.394429E-006  -0.425705E-006   0.587371E-005
 12.399729  -0.181327E-004  -0.230494E-006  -0.258813E-006   0.357149E-005
 12.566371  -0.105276E-004  -0.133049E-006  -0.155106E-006   0.214065E-005
 12.733009  -0.600973E-005  -0.755262E-007  -0.912686E-007   0.125977E-005
 12.900475  -0.335637E-005  -0.419500E-007  -0.524880E-007   0.724563E-006
 13.070028  -0.181929E-005  -0.226159E-007  -0.292789E-007   0.404219E-006
 13.243716  -0.944277E-006  -0.116748E-007  -0.156386E-007   0.215925E-006
 13.424680  -0.459295E-006  -0.564701E-008  -0.783311E-008   0.108164E-006
 13.617468  -0.202558E-006  -0.247579E-008  -0.356323E-008   0.492084E-007
 13.828113  -0.772353E-007  -0.937981E-009  -0.140526E-008   0.194088E-007
 14.062209  -0.241000E-007  -0.290620E-009  -0.455184E-009   0.628751E-008
 14.316008  -0.609856E-008  -0.729904E-010  -0.119903E-009   0.165643E-008
 14.567616  -0.140375E-008  -0.166800E-010  -0.286968E-010   0.396482E-009
 14.797437  -0.337920E-009  -0.399010E-011  -0.715141E-011   0.988145E-010
 15.003984  -0.885677E-010  -0.104017E-011  -0.193168E-011   0.266929E-010
 15.193069  -0.248648E-010  -0.290654E-012  -0.556982E-012   0.769714E-011
 15.370501  -0.728201E-011  -0.847656E-013  -0.167132E-012   0.230978E-011
 15.540890  -0.217087E-011  -0.251728E-013  -0.509653E-013   0.704381E-012
 15.707963  -0.644422E-012  -0.744570E-014  -0.154589E-013   0.213663E-012
 15.875020  -0.186445E-012  -0.214682E-014  -0.456724E-014   0.631281E-013
 16.045362  -0.513613E-013  -0.589429E-015  -0.128452E-014   0.177552E-013
 16.222710  -0.130973E-013  -0.149811E-015  -0.334481E-015   0.462352E-014
 16.411667  -0.298128E-014  -0.339873E-016  -0.777955E-016   0.107540E-014
 16.618030  -0.578468E-015  -0.657210E-017  -0.154412E-016   0.213458E-015
 16.847608  -0.916296E-016  -0.103733E-017  -0.250563E-017   0.346390E-016
 17.099033  -0.121486E-016  -0.137041E-018  -0.340615E-018   0.470898E-017
 17.352969  -0.161826E-017  -0.181946E-019  -0.464537E-019   0.642238E-018
 17.587311  -0.263472E-018  -0.295420E-020  -0.771741E-020   0.106698E-018
 17.798145  -0.539916E-019  -0.604030E-021  -0.160841E-020   0.222378E-019
 17.991063  -0.131681E-019  -0.147040E-021  -0.398008E-021   0.550292E-020
 18.172113  -0.359959E-020  -0.401280E-022  -0.110212E-021   0.152383E-020
 18.345853  -0.105298E-020  -0.117211E-022  -0.326263E-022   0.451107E-021
 18.515435  -0.318947E-021  -0.354534E-023  -0.999436E-023   0.138188E-021
 18.682914  -0.978242E-022  -0.108595E-023  -0.309885E-023   0.428470E-022
 18.849556  -0.299423E-022  -0.331966E-024  -0.958629E-024   0.132549E-022
 19.016194  -0.905155E-023  -0.100229E-024  -0.292846E-024   0.404919E-023
 19.183660  -0.267342E-023  -0.295670E-025  -0.874005E-025   0.120850E-023
 19.353213  -0.759109E-024  -0.838529E-026  -0.250794E-025   0.346779E-024
 19.526901  -0.201897E-024  -0.222747E-026  -0.674266E-026   0.932332E-025
 19.707866  -0.483126E-025  -0.532342E-027  -0.163193E-026   0.225654E-025
 19.900653  -0.979965E-026  -0.107833E-027  -0.335130E-027   0.463404E-026
 20.111298  -0.155083E-026  -0.170395E-028  -0.537755E-028   0.743591E-027
 20.345395  -0.174979E-027  -0.191935E-029  -0.616445E-029   0.852409E-028
 20.599193  -0.140911E-028  -0.154286E-030  -0.505257E-030   0.698668E-029
 20.850801  -0.101019E-029  -0.110411E-031  -0.368698E-031   0.509839E-030
 21.080622  -0.824494E-031  -0.899721E-033  -0.305848E-032   0.422932E-031
 21.287169  -0.812670E-032  -0.885592E-034  -0.305866E-033   0.422960E-032
 21.476255  -0.930842E-033  -0.101312E-034  -0.354982E-034   0.490881E-033
 21.653686  -0.117638E-033  -0.127893E-035  -0.454129E-035   0.627988E-034
 21.824075  -0.156761E-034  -0.170249E-036  -0.612211E-036   0.846594E-035
 21.991148  -0.211865E-035  -0.229867E-037  -0.836750E-037   0.115710E-035
 22.158205  -0.280085E-036  -0.303592E-038  -0.111849E-037   0.154671E-036
 22.328547  -0.348737E-037  -0.377647E-039  -0.140822E-038   0.194737E-037
 22.505895  -0.391297E-038  -0.423331E-040  -0.159817E-039   0.221005E-038
 22.694852  -0.374310E-039  -0.404557E-041  -0.154711E-040   0.213945E-039
 22.901216  -0.285007E-040  -0.307720E-042  -0.119308E-041   0.164987E-040
 23.130794  -0.162416E-041  -0.175169E-043  -0.689305E-043   0.953224E-042
 23.382218  -0.724874E-043  -0.780917E-045  -0.312123E-044   0.431629E-043
 23.636154  -0.336031E-044  -0.361632E-046  -0.146710E-045   0.202883E-044
 23.870496  -0.216683E-045  -0.232983E-047  -0.957467E-047   0.132407E-045
 24.081330  -0.201248E-046  -0.216227E-048  -0.898358E-048   0.124233E-046
 24.274248  -0.245800E-047  -0.263928E-049  -0.110695E-048   0.153079E-047
 24.455299  -0.359459E-048  -0.385751E-050  -0.163167E-049   0.225642E-048
 24.629039  -0.586233E-049  -0.628790E-051  -0.268066E-050   0.370707E-049
 24.798620  -0.101422E-049  -0.108732E-051  -0.467026E-051   0.645846E-050
 24.966099  -0.179995E-050  -0.192878E-052  -0.834487E-052   0.115401E-050
 25.132741  -0.320669E-051  -0.343465E-053  -0.149663E-052   0.206969E-051
 25.299379  -0.564793E-052  -0.604674E-054  -0.265354E-053   0.366956E-052
 25.466845  -0.968198E-053  -0.103611E-054  -0.457911E-054   0.633242E-053
 25.636398  -0.157853E-053  -0.168850E-055  -0.751605E-055   0.103939E-053
 25.810086  -0.235901E-054  -0.252221E-056  -0.113105E-055   0.156412E-054
 25.991051  -0.305344E-055  -0.326314E-057  -0.147481E-056   0.203951E-055
 26.183839  -0.314985E-056  -0.336445E-058  -0.153365E-057   0.212088E-056
 26.394484  -0.230894E-057  -0.246484E-059  -0.113447E-058   0.156885E-057
 26.628580  -0.106415E-058  -0.113526E-060  -0.528353E-060   0.730657E-059
 26.882379  -0.310894E-060  -0.331434E-062  -0.156182E-061   0.215983E-060
 27.133986  -0.788258E-062  -0.839738E-064  -0.400732E-063   0.554170E-062
 27.363807  -0.244088E-063  -0.259861E-065  -0.125458E-064   0.173495E-063
 27.570355  -0.997346E-065  -0.106119E-066  -0.517713E-066   0.715943E-065
 27.759440  -0.507903E-066  -0.540137E-068  -0.266035E-067   0.367899E-066
 27.936872  -0.299384E-067  -0.318233E-069  -0.158139E-068   0.218690E-067
 28.107261  -0.191657E-068  -0.203633E-070  -0.102052E-069   0.141128E-068
 28.274333  -0.126258E-069  -0.134090E-071  -0.677562E-071   0.936995E-070
