 nmodes=            1  nfields=            2  max_plot=          289
 ky=   2.7905746568134531E-002   width=    1.000000000000000     
 theta     ((Re(field_i), Im(field_i),i=(1,nfields)),j=1,nmodes)
Tearing metric:  [   0.158879E-003   0.189935E-003   0.316972E-003   0.397943E-003 ]
DEP: [   0.244814E-003   0.000000E+000   0.000000E+000   0.000000E+000]
chi_th: [   0.487530E+001   0.000000E+000   0.000000E+000   0.000000E+000]
chi_i: [  -0.177308E+002   0.000000E+000   0.000000E+000   0.000000E+000]
chi_i_cond: [  -0.872454E+001   0.000000E+000   0.000000E+000   0.000000E+000]
chi_e: [   0.486249E+002   0.000000E+000   0.000000E+000   0.000000E+000]
chi_e_cond: [   0.134665E+002   0.000000E+000   0.000000E+000   0.000000E+000]
i_QL_cond_flux: [  -0.551141E-005   0.000000E+000   0.000000E+000   0.000000E+000]
e_QL_cond_flux: [   0.134665E-004   0.000000E+000   0.000000E+000   0.000000E+000]
QL_ratio: [   0.431431E+003             NaN             NaN             NaN]
EP QL convective fraction: [   0.465043E+000             NaN             NaN             NaN]
<theta^2>: [   0.824923E+001   0.124959E+002   0.365752E+002   0.213567E+002]
 Mode kept T/F for each mode:    T  F  F  F
 Theta      Re(phi)        Im(phi)        Re(B_per)        Im(B_per)
-28.274335   0.214593E-143  -0.508034E-144   0.641603E-144   0.536909E-143
-28.106504   0.376481E-141  -0.891214E-142   0.111738E-141   0.935066E-141
-27.935456   0.686993E-139  -0.162612E-139   0.202370E-139   0.169353E-138
-27.757597   0.141928E-136  -0.335914E-137   0.414825E-137   0.347152E-136
-27.568614   0.366897E-134  -0.868280E-135   0.106351E-134   0.890029E-134
-27.363354   0.133000E-131  -0.314717E-132   0.382087E-132   0.319767E-131
-27.137150   0.734346E-129  -0.173746E-129   0.208912E-129   0.174842E-128
-26.891730   0.551225E-126  -0.130402E-126   0.155183E-126   0.129878E-125
-26.642847   0.348488E-123  -0.824301E-124   0.970903E-124   0.812601E-123
-26.409329   0.113988E-120  -0.269589E-121   0.314555E-121   0.263274E-120
-26.196454   0.178499E-118  -0.422113E-119   0.488407E-119   0.408792E-118
-26.000537   0.156287E-116  -0.369547E-117   0.424372E-117   0.355202E-116
-25.816529   0.910425E-115  -0.215254E-115   0.245473E-115   0.205466E-114
-25.640322   0.404103E-113  -0.955340E-114   0.108230E-113   0.905925E-113
-25.468926   0.150597E-111  -0.355993E-112   0.400743E-112   0.335441E-111
-25.300234   0.504229E-110  -0.119183E-110   0.133327E-110   0.111603E-109
-25.132741   0.159113E-108  -0.376056E-109   0.418066E-109   0.349953E-108
-24.965254   0.491252E-107  -0.116094E-107   0.128255E-107   0.107361E-106
-24.796576   0.153902E-105  -0.363671E-106   0.399204E-106   0.334175E-105
-24.625209   0.511534E-104  -0.120864E-104   0.131801E-104   0.110333E-103
-24.449050   0.191722E-102  -0.452947E-103   0.490532E-103   0.410641E-102
-24.265116   0.881948E-101  -0.208338E-101   0.223958E-101   0.187487E-100
-24.069305   0.558433E-099  -0.131899E-099   0.140634E-099   0.117735E-098
-23.856578   0.560201E-097  -0.132297E-097   0.139760E-097   0.117006E-096
-23.623239   0.995725E-095  -0.235109E-095   0.245751E-095   0.205747E-094
-23.374435   0.283333E-092  -0.668869E-093   0.690907E-093   0.578461E-092
-23.128877   0.827218E-090  -0.195243E-090   0.199227E-090   0.166809E-089
-22.902491   0.165154E-087  -0.389722E-088   0.393056E-088   0.329109E-087
-22.697089   0.209248E-085  -0.493678E-086   0.492483E-086   0.412375E-085
-22.508005   0.183870E-083  -0.433724E-084   0.428221E-084   0.358578E-083
-22.330079   0.124676E-081  -0.294038E-082   0.287432E-082   0.240693E-081
-22.158993   0.712661E-080  -0.168045E-080   0.162674E-080   0.136227E-079
-21.991150   0.368632E-078  -0.869072E-079   0.833164E-079   0.697732E-078
-21.823319   0.183360E-076  -0.432200E-077   0.410294E-077   0.343612E-076
-21.652270   0.929758E-075  -0.219111E-075   0.205919E-075   0.172459E-074
-21.474411   0.511935E-073  -0.120620E-073   0.112172E-073   0.939479E-073
-21.285428   0.329523E-071  -0.776228E-072   0.713835E-072   0.597887E-071
-21.080169   0.269438E-069  -0.634530E-070   0.576495E-070   0.482877E-069
-20.853965   0.296696E-067  -0.698524E-068   0.626251E-068   0.524580E-067
-20.608545   0.402824E-065  -0.948091E-066   0.837922E-066   0.701924E-065
-20.359661   0.472148E-063  -0.111090E-063   0.967856E-064   0.810816E-063
-20.126144   0.334354E-061  -0.786448E-062   0.676212E-062   0.566523E-061
-19.913269   0.135844E-059  -0.319436E-060   0.271445E-060   0.227425E-059
-19.717352   0.356479E-058  -0.838045E-059   0.704606E-059   0.590366E-058
-19.533344   0.688277E-057  -0.161768E-057   0.134676E-057   0.112845E-056
-19.357137   0.108141E-055  -0.254108E-056   0.209581E-056   0.175615E-055
-19.185741   0.148543E-054  -0.348965E-055   0.285214E-055   0.239000E-054
-19.017048   0.187478E-053  -0.440332E-054   0.356678E-054   0.298897E-053
-18.849556   0.225133E-052  -0.528647E-053   0.424396E-053   0.355659E-052
-18.682068   0.264277E-051  -0.620416E-052   0.493578E-052   0.413654E-051
-18.513391   0.311251E-050  -0.730513E-051   0.575818E-051   0.482598E-050
-18.342023   0.379556E-049  -0.890592E-050   0.695312E-050   0.582773E-049
-18.165864   0.500160E-048  -0.117325E-048   0.906805E-049   0.760072E-048
-17.981930   0.755457E-047  -0.177157E-047   0.135446E-047   0.113535E-046
-17.786120   0.141543E-045  -0.331809E-046   0.250654E-046   0.210119E-045
-17.573392   0.361989E-044  -0.848240E-045   0.632075E-045   0.529893E-044
-17.340054   0.135949E-042  -0.318415E-043   0.233552E-043   0.195812E-042
-17.091250   0.693778E-041  -0.162405E-041   0.117023E-041   0.981220E-041
-16.845692   0.351569E-039  -0.822494E-040   0.581817E-040   0.487895E-039
-16.619305   0.133795E-037  -0.312830E-038   0.217383E-038   0.182309E-037
-16.413904   0.364891E-036  -0.852673E-037   0.582635E-037   0.488677E-036
-16.224820   0.761021E-035  -0.177735E-035   0.119516E-035   0.100252E-034
-16.046894   0.130897E-033  -0.305538E-034   0.202287E-034   0.169698E-033
-15.875807   0.197477E-032  -0.460687E-033   0.300361E-033   0.251995E-032
-15.707964   0.274304E-031  -0.639544E-032   0.410601E-032   0.344518E-031
-15.540134   0.365413E-030  -0.851452E-031   0.538139E-031   0.451575E-030
-15.369085   0.485026E-029  -0.112944E-029   0.702330E-030   0.589417E-029
-15.191226   0.667831E-028  -0.155404E-028   0.949975E-029   0.797342E-028
-15.002243   0.998662E-027  -0.232209E-027   0.139366E-027   0.116989E-026
-14.796983   0.170524E-025  -0.396160E-026   0.233027E-026   0.195639E-025
-14.570780   0.343327E-024  -0.796821E-025   0.458345E-025   0.384869E-024
-14.325360   0.765715E-023  -0.177514E-023   0.996503E-024   0.836911E-023
-14.076476   0.150655E-021  -0.348845E-022   0.191044E-022   0.160479E-021
-13.842959   0.210195E-020  -0.486155E-021   0.260154E-021   0.218573E-020
-13.630084   0.203203E-019  -0.469478E-020   0.246020E-020   0.206734E-019
-13.434166   0.147514E-018  -0.340469E-019   0.175026E-019   0.147101E-018
-13.250159   0.874975E-018  -0.201752E-018   0.101866E-018   0.856268E-018
-13.073952   0.452078E-017  -0.104140E-017   0.516797E-018   0.434476E-017
-12.902556   0.212782E-016  -0.489688E-017   0.238917E-017   0.200890E-016
-12.733863   0.940645E-016  -0.216263E-016   0.103739E-016   0.872417E-016
-12.566371   0.398841E-015  -0.916035E-016   0.431937E-016   0.363305E-015
-12.398883   0.164783E-014  -0.378059E-015   0.175162E-015   0.147355E-014
-12.230205   0.673165E-014  -0.154268E-014   0.701878E-015   0.590559E-014
-12.058838   0.276605E-013  -0.633117E-014   0.282607E-014   0.237830E-013
-11.882679   0.116931E-012  -0.267282E-013   0.116897E-013   0.983965E-013
-11.698745   0.524144E-012  -0.119630E-012   0.511635E-013   0.430762E-012
-11.502935   0.259062E-011  -0.590246E-012   0.246149E-012   0.207297E-011
-11.290207   0.147638E-010  -0.335672E-011   0.135935E-011   0.114516E-010
-11.056868   0.997490E-010  -0.226205E-010   0.884661E-011   0.745565E-010
-10.808064   0.756295E-009  -0.170971E-009   0.642076E-010   0.541382E-009
-10.562506   0.542400E-008  -0.122185E-008   0.439205E-009   0.370527E-008
-10.336120   0.320340E-007  -0.718956E-008   0.247300E-008   0.208748E-007
-10.130719   0.153601E-006  -0.343432E-007   0.113114E-007   0.955355E-007
 -9.941635   0.622059E-006  -0.138542E-006   0.437005E-007   0.369315E-006
 -9.763709   0.221667E-005  -0.491670E-006   0.148431E-006   0.125519E-005
 -9.592622   0.717027E-005  -0.158349E-005   0.456796E-006   0.386545E-005
 -9.424779   0.215336E-004  -0.473310E-005   0.130132E-005   0.110201E-004
 -9.256948   0.610487E-004  -0.133488E-004   0.348478E-005   0.295349E-004
 -9.085900   0.165521E-003  -0.359815E-004   0.887117E-005   0.752587E-004
 -8.908041   0.433792E-003  -0.936673E-004   0.216455E-004   0.183838E-003
 -8.719058   0.110831E-002  -0.237428E-003   0.508638E-004   0.432595E-003
 -8.513798   0.277150E-002  -0.588065E-003   0.114890E-003   0.978898E-003
 -8.287594   0.671784E-002  -0.140866E-002   0.244899E-003   0.209177E-002
 -8.042174   0.151290E-001  -0.312714E-002   0.467695E-003   0.400887E-002
 -7.793291   0.294301E-001  -0.598684E-002   0.741808E-003   0.639074E-002
 -7.559774   0.476834E-001  -0.955020E-002   0.946047E-003   0.820946E-002
 -7.346898   0.660543E-001  -0.130527E-001   0.993766E-003   0.871647E-002
 -7.150981   0.815844E-001  -0.159614E-001   0.884960E-003   0.789708E-002
 -6.966973   0.928263E-001  -0.180713E-001   0.674696E-003   0.620967E-002
 -6.790767   0.995629E-001  -0.194234E-001   0.437632E-003   0.428629E-002
 -6.619370   0.102498E+000  -0.202204E-001   0.243961E-003   0.272832E-002
 -6.450678   0.102988E+000  -0.207493E-001   0.140624E-003   0.194619E-002
 -6.283185   0.102707E+000  -0.212916E-001   0.136464E-003   0.203113E-002
 -6.115698   0.103183E+000  -0.220214E-001   0.197113E-003   0.270823E-002
 -5.947020   0.105324E+000  -0.229269E-001   0.256979E-003   0.343435E-002
 -5.775653   0.109125E+000  -0.238027E-001   0.249545E-003   0.365415E-002
 -5.599494   0.113783E+000  -0.243504E-001   0.147873E-003   0.314896E-002
 -5.415560   0.118314E+000  -0.243997E-001  -0.765329E-006   0.234616E-002
 -5.219749   0.122714E+000  -0.242266E-001  -0.758165E-004   0.234232E-002
 -5.007022   0.129258E+000  -0.247534E-001   0.211899E-004   0.413724E-002
 -4.773683   0.141722E+000  -0.268531E-001   0.151269E-003   0.680283E-002
 -4.524879   0.159752E+000  -0.293568E-001  -0.851655E-005   0.771387E-002
 -4.279321   0.179156E+000  -0.304010E-001  -0.224980E-003   0.851718E-002
 -4.052935   0.203085E+000  -0.318398E-001  -0.113456E-003   0.119832E-001
 -3.847533   0.233176E+000  -0.349753E-001  -0.682791E-004   0.144236E-001
 -3.658449   0.262654E+000  -0.377297E-001  -0.355126E-003   0.133623E-001
 -3.480523   0.287127E+000  -0.385185E-001  -0.625266E-003   0.117587E-001
 -3.309437   0.309916E+000  -0.383735E-001  -0.564564E-003   0.125226E-001
 -3.141594   0.335628E+000  -0.390672E-001  -0.371542E-003   0.142657E-001
 -2.973763   0.363335E+000  -0.407288E-001  -0.416963E-003   0.140288E-001
 -2.802714   0.389006E+000  -0.421094E-001  -0.657109E-003   0.123594E-001
 -2.624855   0.413629E+000  -0.428486E-001  -0.713653E-003   0.128587E-001
 -2.435873   0.444183E+000  -0.441598E-001  -0.611249E-003   0.158645E-001
 -2.230613   0.483088E+000  -0.462094E-001  -0.925449E-003   0.168168E-001
 -2.004409   0.524731E+000  -0.466976E-001  -0.161975E-002   0.163159E-001
 -1.758989   0.573580E+000  -0.455235E-001  -0.201480E-002   0.212789E-001
 -1.510105   0.635843E+000  -0.446215E-001  -0.287259E-002   0.255396E-001
 -1.276588   0.696327E+000  -0.417888E-001  -0.440877E-002   0.254232E-001
 -1.063713   0.752856E+000  -0.366662E-001  -0.556297E-002   0.290232E-001
 -0.867796   0.813735E+000  -0.309682E-001  -0.632430E-002   0.347880E-001
 -0.683788   0.876626E+000  -0.247260E-001  -0.700715E-002   0.356680E-001
 -0.507581   0.931635E+000  -0.172550E-001  -0.724935E-002   0.293843E-001
 -0.336185   0.971024E+000  -0.913912E-002  -0.628433E-002   0.190646E-001
 -0.167492   0.993111E+000  -0.255713E-002  -0.371526E-002   0.880465E-002
  0.000000   0.100000E+001   0.138477E-015   0.553025E-007  -0.776718E-006
  0.167488   0.993110E+000  -0.255711E-002   0.371530E-002  -0.880599E-002
  0.336165   0.971022E+000  -0.913834E-002   0.628425E-002  -0.190649E-001
  0.507532   0.931641E+000  -0.172527E-001   0.724938E-002  -0.293832E-001
  0.683692   0.876650E+000  -0.247221E-001   0.700752E-002  -0.356674E-001
  0.867626   0.813783E+000  -0.309627E-001   0.632497E-002  -0.347924E-001
  1.063436   0.752929E+000  -0.366581E-001   0.556415E-002  -0.290315E-001
  1.276164   0.696433E+000  -0.417799E-001   0.441160E-002  -0.254244E-001
  1.509502   0.636002E+000  -0.446172E-001   0.287605E-002  -0.255411E-001
  1.758306   0.573735E+000  -0.455199E-001   0.201583E-002  -0.212976E-001
  2.003864   0.524834E+000  -0.466949E-001   0.162113E-002  -0.163194E-001
  2.230250   0.483161E+000  -0.462118E-001   0.926570E-003  -0.168146E-001
  2.435652   0.444225E+000  -0.441614E-001   0.611242E-003  -0.158676E-001
  2.624736   0.413646E+000  -0.428483E-001   0.713589E-003  -0.128602E-001
  2.802662   0.389012E+000  -0.421089E-001   0.657177E-003  -0.123590E-001
  2.973749   0.363335E+000  -0.407280E-001   0.416977E-003  -0.140286E-001
  3.141592   0.335626E+000  -0.390664E-001   0.371542E-003  -0.142655E-001
  3.309422   0.309917E+000  -0.383730E-001   0.564549E-003  -0.125227E-001
  3.480471   0.287133E+000  -0.385179E-001   0.625296E-003  -0.117586E-001
  3.658330   0.262672E+000  -0.377302E-001   0.355366E-003  -0.133609E-001
  3.847313   0.233214E+000  -0.349786E-001   0.684293E-004  -0.144242E-001
  4.052573   0.203136E+000  -0.318436E-001   0.113107E-003  -0.119901E-001
  4.278776   0.179207E+000  -0.304020E-001   0.225080E-003  -0.852251E-002
  4.524196   0.159807E+000  -0.293611E-001   0.934560E-005  -0.771383E-002
  4.773080   0.141765E+000  -0.268595E-001  -0.151328E-003  -0.680819E-002
  5.006597   0.129277E+000  -0.247554E-001  -0.215339E-004  -0.414248E-002
  5.219472   0.122723E+000  -0.242260E-001   0.758009E-004  -0.234338E-002
  5.415389   0.118320E+000  -0.243988E-001   0.879830E-006  -0.234555E-002
  5.599397   0.113787E+000  -0.243497E-001  -0.147810E-003  -0.314856E-002
  5.775604   0.109127E+000  -0.238020E-001  -0.249539E-003  -0.365415E-002
  5.947000   0.105325E+000  -0.229262E-001  -0.256987E-003  -0.343441E-002
  6.115693   0.103185E+000  -0.220208E-001  -0.197115E-003  -0.270822E-002
  6.283185   0.102708E+000  -0.212911E-001  -0.136463E-003  -0.203108E-002
  6.450673   0.102990E+000  -0.207488E-001  -0.140623E-003  -0.194614E-002
  6.619350   0.102500E+000  -0.202197E-001  -0.243949E-003  -0.272819E-002
  6.790718   0.995659E-001  -0.194227E-001  -0.437582E-003  -0.428585E-002
  6.966877   0.928327E-001  -0.180710E-001  -0.674587E-003  -0.620876E-002
  7.150811   0.815983E-001  -0.159624E-001  -0.884824E-003  -0.789599E-002
  7.346621   0.660802E-001  -0.130560E-001  -0.993736E-003  -0.871636E-002
  7.559349   0.477227E-001  -0.955638E-002  -0.946336E-003  -0.821211E-002
  7.792688   0.294746E-001  -0.599463E-002  -0.742502E-003  -0.639683E-002
  8.041492   0.151615E-001  -0.313313E-002  -0.468457E-003  -0.401544E-002
  8.287050   0.673236E-002  -0.141135E-002  -0.245340E-003  -0.209556E-002
  8.513436   0.277625E-002  -0.588925E-003  -0.115063E-003  -0.980376E-003
  8.718837   0.110961E-002  -0.237645E-003  -0.509178E-004  -0.433056E-003
  8.907921   0.434091E-003  -0.937070E-004  -0.216593E-004  -0.183955E-003
  9.085847   0.165574E-003  -0.359831E-004  -0.887387E-005  -0.752818E-004
  9.256934   0.610540E-004  -0.133462E-004  -0.348508E-005  -0.295376E-004
  9.424777   0.215337E-004  -0.473172E-005  -0.130134E-005  -0.110202E-004
  9.592608   0.717095E-005  -0.158316E-005  -0.456840E-006  -0.386583E-005
  9.763656   0.221754E-005  -0.491707E-006  -0.148488E-006  -0.125567E-005
  9.941515   0.622653E-006  -0.138628E-006  -0.437411E-007  -0.369658E-006
 10.130498   0.153886E-006  -0.343949E-007  -0.113317E-007  -0.957075E-007
 10.335758   0.321346E-007  -0.720957E-008  -0.248056E-008  -0.209387E-007
 10.561962   0.544960E-008  -0.122716E-008  -0.441228E-009  -0.372235E-008
 10.807382   0.760680E-009  -0.171896E-009  -0.645719E-010  -0.544455E-009
 11.056265   0.100269E-009  -0.227293E-010  -0.889181E-011  -0.749377E-010
 11.289782   0.148188E-010  -0.336787E-011  -0.136432E-011  -0.114935E-010
 11.502658   0.259681E-011  -0.591413E-012  -0.246729E-012  -0.207785E-011
 11.698575   0.524889E-012  -0.119750E-012  -0.512355E-013  -0.431369E-012
 11.882582   0.117022E-012  -0.267377E-013  -0.116988E-013  -0.984731E-013
 12.058789   0.276710E-013  -0.633084E-014  -0.282715E-014  -0.237922E-013
 12.230186   0.673263E-014  -0.154223E-014  -0.701986E-015  -0.590650E-014
 12.398878   0.164788E-014  -0.377902E-015  -0.175169E-015  -0.147361E-014
 12.566371   0.398841E-015  -0.915620E-016  -0.431941E-016  -0.363308E-015
 12.733858   0.940674E-016  -0.216170E-016  -0.103744E-016  -0.872453E-016
 12.902536   0.212815E-016  -0.489537E-017  -0.238956E-017  -0.200924E-016
 13.073903   0.452269E-017  -0.104135E-017  -0.517018E-018  -0.434662E-017
 13.250062   0.875767E-018  -0.201838E-018  -0.101959E-018  -0.857044E-018
 13.433996   0.147767E-018  -0.340888E-019  -0.175326E-019  -0.147353E-018
 13.629807   0.203818E-019  -0.470665E-020  -0.246760E-020  -0.207356E-019
 13.842534   0.211242E-020  -0.488328E-021  -0.261440E-021  -0.219653E-020
 14.075873   0.151770E-021  -0.351246E-022  -0.192448E-022  -0.161659E-021
 14.324677   0.772474E-023  -0.178986E-023  -0.100524E-023  -0.844247E-023
 14.570235   0.345975E-024  -0.802534E-025  -0.461858E-025  -0.387819E-024
 14.796621   0.171461E-025  -0.398119E-026  -0.234301E-026  -0.196709E-025
 15.002023   0.100211E-026  -0.232882E-027  -0.139846E-027  -0.117392E-026
 15.191106   0.669096E-028  -0.155610E-028  -0.951775E-029  -0.798853E-028
 15.369032   0.485424E-029  -0.112971E-029  -0.702911E-030  -0.589906E-029
 15.540119   0.365484E-030  -0.851119E-031  -0.538249E-031  -0.451667E-030
 15.707962   0.274299E-031  -0.639155E-032  -0.410600E-032  -0.344517E-031
 15.875793   0.197516E-032  -0.460502E-033  -0.300424E-033  -0.252049E-032
 16.046842   0.131012E-033  -0.305619E-034  -0.202466E-034  -0.169848E-033
 16.224701   0.762610E-035  -0.177996E-035  -0.119766E-035  -0.100462E-034
 16.413683   0.366332E-036  -0.855503E-037  -0.584931E-037  -0.490603E-036
 16.618943   0.134668E-037  -0.314670E-038  -0.218797E-038  -0.183495E-037
 16.845147   0.354924E-039  -0.829805E-040  -0.587350E-040  -0.492535E-039
 17.090567   0.701697E-041  -0.164150E-041  -0.118354E-041  -0.992383E-041
 17.339450   0.137309E-042  -0.321384E-043  -0.235881E-043  -0.197764E-042
 17.572968   0.364521E-044  -0.853595E-045  -0.636487E-045  -0.533592E-044
 17.785843   0.142167E-045  -0.333041E-046  -0.251757E-046  -0.211044E-045
 17.981760   0.757406E-047  -0.177491E-047  -0.135796E-047  -0.113828E-046
 18.165768   0.500858E-048  -0.117406E-048  -0.908079E-049  -0.761140E-048
 18.341975   0.379808E-049  -0.890555E-050  -0.695784E-050  -0.583169E-049
 18.513371   0.311329E-050  -0.730173E-051  -0.575970E-051  -0.482725E-050
 18.682064   0.264288E-051  -0.619996E-052  -0.493607E-052  -0.413679E-051
 18.849556   0.225130E-052  -0.528258E-053  -0.424398E-053  -0.355661E-052
 19.017044   0.187486E-053  -0.440029E-054  -0.356699E-054  -0.298915E-053
 19.185721   0.148581E-054  -0.348797E-055  -0.285291E-055  -0.239066E-054
 19.357088   0.108217E-055  -0.254097E-056  -0.209731E-056  -0.175742E-055
 19.533247   0.689311E-057  -0.161889E-057  -0.134880E-057  -0.113016E-056
 19.717182   0.357492E-058  -0.839789E-059  -0.706613E-059  -0.592048E-058
 19.912992   0.136518E-059  -0.320775E-060  -0.272793E-060  -0.228554E-059
 20.125720   0.337060E-061  -0.792201E-062  -0.681680E-062  -0.571104E-061
 20.359058   0.477778E-063  -0.112326E-063  -0.979378E-064  -0.820469E-063
 20.607862   0.408491E-065  -0.960665E-066  -0.849689E-066  -0.711782E-065
 20.853420   0.300303E-067  -0.706447E-068  -0.633854E-068  -0.530949E-067
 21.079806   0.271749E-069  -0.639450E-070  -0.581435E-070  -0.487016E-069
 21.285208   0.331283E-071  -0.779731E-072  -0.717650E-072  -0.601084E-071
 21.474292   0.513421E-073  -0.120869E-073  -0.112498E-073  -0.942217E-073
 21.652218   0.930916E-075  -0.219199E-075  -0.206179E-075  -0.172676E-074
 21.823304   0.183412E-076  -0.431957E-077  -0.410419E-077  -0.343716E-076
 21.991148   0.368621E-078  -0.868302E-079  -0.833155E-079  -0.697725E-078
 22.158978   0.712868E-080  -0.167949E-080  -0.162725E-080  -0.136269E-079
 22.330027   0.124837E-081  -0.294162E-082  -0.287809E-082  -0.241009E-081
 22.507886   0.184437E-083  -0.434678E-084  -0.429547E-084  -0.359689E-083
 22.696869   0.210462E-085  -0.496100E-086  -0.495343E-086  -0.414770E-085
 22.902129   0.166729E-087  -0.393085E-088  -0.396804E-088  -0.332248E-087
 23.128332   0.838692E-090  -0.197771E-090  -0.201989E-090  -0.169121E-089
 23.373752   0.288005E-092  -0.679275E-093  -0.702292E-093  -0.587993E-092
 23.622636   0.101002E-094  -0.238262E-095  -0.249276E-095  -0.208699E-094
 23.856153   0.565791E-097  -0.133491E-097  -0.141155E-097  -0.118174E-096
 24.069028   0.561922E-099  -0.132597E-099  -0.141514E-099  -0.118471E-098
 24.264945   0.885161E-101  -0.208897E-101  -0.224777E-101  -0.188172E-100
 24.448953   0.192098E-102  -0.453398E-103  -0.491502E-103  -0.411454E-102
 24.625160   0.512010E-104  -0.120859E-104  -0.131927E-104  -0.110438E-103
 24.796556   0.153955E-105  -0.363441E-106  -0.399350E-106  -0.334298E-105
 24.965249   0.491279E-107  -0.115987E-107  -0.128265E-107  -0.107369E-106
 25.132741   0.159110E-108  -0.375678E-109  -0.418068E-109  -0.349954E-108
 25.300229   0.504257E-110  -0.119071E-110  -0.133337E-110  -0.111612E-109
 25.468906   0.150650E-111  -0.355763E-112  -0.400893E-112  -0.335567E-111
 25.640274   0.404494E-113  -0.955303E-114  -0.108337E-113  -0.906821E-113
 25.816433   0.912305E-115  -0.215480E-115  -0.245984E-115  -0.205894E-114
 26.000367   0.156895E-116  -0.370609E-117  -0.426031E-117  -0.356591E-116
 26.196177   0.179710E-118  -0.424542E-119  -0.491727E-119  -0.411571E-118
 26.408905   0.115246E-120  -0.272283E-121  -0.318028E-121  -0.266181E-120
 26.642244   0.354136E-123  -0.836787E-124  -0.986637E-124  -0.825770E-123
 26.891048   0.561725E-126  -0.132746E-126  -0.158138E-126  -0.132351E-125
 27.136606   0.746381E-129  -0.176406E-129  -0.212336E-129  -0.177707E-128
 27.362992   0.134531E-131  -0.317997E-132  -0.386487E-132  -0.323450E-131
 27.568393   0.369516E-134  -0.873532E-135  -0.107112E-134  -0.896396E-134
 27.757477   0.142477E-136  -0.336844E-137  -0.416436E-137  -0.348501E-136
 27.935403   0.688127E-139  -0.162702E-139  -0.202709E-139  -0.169637E-138
 28.106490   0.376622E-141  -0.890562E-142  -0.111783E-141  -0.935442E-141
 28.274333   0.214584E-143  -0.507446E-144  -0.641592E-144  -0.536900E-143
