 nmodes=            4  nfields=            2  max_plot=          289
 ky=   1.0379684709558881E-002   width=    1.122448979591837     
 theta     ((Re(field_i), Im(field_i),i=(1,nfields)),j=1,nmodes)
Tearing metric:  [   0.300933E-003   0.108981E-002   0.199797E+001   0.199669E+001 ]
DEP: [   0.995777E-004  -0.200272E-001   0.124612E-005   0.185312E-001]
chi_th: [  -0.683805E+001  -0.701032E+003  -0.109743E+000   0.539481E+003]
chi_i: [  -0.407308E+002   0.639494E+004  -0.363193E+000  -0.210449E+004]
chi_i_cond: [  -0.171196E+002   0.954178E+003  -0.174702E+000   0.132475E+003]
chi_e: [   0.172932E+002  -0.456068E+004   0.249126E+000   0.600895E+004]
chi_e_cond: [   0.961926E+000  -0.195674E+004  -0.604627E-001   0.848252E+003]
i_QL_cond_flux: [  -0.129876E-004   0.723875E-003  -0.132536E-006   0.100500E-003]
e_QL_cond_flux: [   0.961926E-006  -0.195674E-002  -0.604627E-007   0.848252E-003]
QL_ratio: [   0.220455E+003   0.187982E+004   0.298643E+003   0.536681E+004]
EP QL convective fraction: [   0.633748E+000  -0.268191E+000   0.573693E+000   0.626071E+000]
<theta^2>: [   0.389440E+001   0.378416E+002   0.737955E+001   0.170744E+002]
 Mode kept T/F for each mode:    T  F  F  F
 Theta      Re(phi)        Im(phi)        Re(B_per)        Im(B_per)
-28.274334   0.142734E-110  -0.197090E-110   0.217866E-111   0.346927E-110
-28.108600   0.744654E-109  -0.102735E-108   0.112514E-109   0.179668E-108
-27.939525   0.412657E-107  -0.568800E-107   0.616991E-108   0.988129E-107
-27.763249   0.268076E-105  -0.369155E-105   0.396374E-106   0.636799E-105
-27.574819   0.230091E-103  -0.316513E-103   0.336101E-104   0.541837E-103
-27.367544   0.302456E-101  -0.415559E-101   0.435821E-102   0.705363E-101
-27.133704   0.698198E-099  -0.957951E-099   0.990454E-100   0.161035E-098
-26.873312   0.251415E-096  -0.344409E-096   0.350488E-097   0.572800E-096
-26.611343   0.680773E-094  -0.931124E-094   0.932918E-095   0.153254E-093
-26.375414   0.727696E-092  -0.993955E-092   0.982654E-093   0.162151E-091
-26.167056   0.326564E-090  -0.445542E-090   0.435596E-091   0.721523E-090
-25.977963   0.811011E-089  -0.110539E-088   0.107039E-089   0.177886E-088
-25.800813   0.139502E-087  -0.189967E-087   0.182366E-088   0.303984E-087
-25.630474   0.193764E-086  -0.263634E-086   0.251035E-087   0.419642E-086
-25.463541   0.240164E-085  -0.326493E-085   0.308442E-086   0.517048E-085
-25.297961   0.281903E-084  -0.382916E-084   0.358915E-085   0.603341E-084
-25.132741   0.322557E-083  -0.437767E-083   0.407102E-084   0.686285E-083
-24.967523   0.363859E-082  -0.493399E-082   0.455195E-083   0.769574E-082
-24.801952   0.409114E-081  -0.554281E-081   0.507247E-082   0.860106E-081
-24.635046   0.471214E-080  -0.637840E-080   0.578895E-081   0.984589E-080
-24.464766   0.587426E-079  -0.794388E-079   0.714728E-080   0.121954E-078
-24.287725   0.867361E-078  -0.117173E-077   0.104431E-078   0.178822E-077
-24.098807   0.173491E-076  -0.234092E-076   0.206411E-077   0.354878E-076
-23.890717   0.568017E-075  -0.765331E-075   0.666269E-076   0.115110E-074
-23.655166   0.378933E-073  -0.509652E-073   0.436727E-074   0.759146E-073
-23.393454   0.520671E-071  -0.698750E-071   0.587409E-072   0.102878E-070
-23.132778   0.813035E-069  -0.108852E-068   0.896589E-070   0.158315E-068
-22.898574   0.773645E-067  -0.103346E-066   0.835118E-068   0.148612E-066
-22.691038   0.418422E-065  -0.557787E-065   0.442993E-066   0.793991E-065
-22.502430   0.148040E-063  -0.196970E-063   0.153952E-064   0.277789E-063
-22.326041   0.393064E-062  -0.522015E-062   0.401878E-063   0.729827E-062
-22.156902   0.870110E-061  -0.115348E-060   0.875053E-062   0.159922E-060
-21.991148   0.174305E-059  -0.230653E-059   0.172437E-060   0.317156E-059
-21.825415   0.338816E-058  -0.447511E-058   0.329617E-059   0.610243E-058
-21.656339   0.683293E-057  -0.900738E-057   0.653235E-058   0.121778E-056
-21.480064   0.153770E-055  -0.202278E-055   0.144287E-056   0.271004E-055
-21.291633   0.421430E-054  -0.553079E-054   0.387407E-055   0.733727E-054
-21.084359   0.156509E-052  -0.204853E-052   0.140567E-053   0.268785E-052
-20.850519   0.867516E-051  -0.113193E-050   0.758429E-052   0.146666E-050
-20.590126   0.653911E-049  -0.850176E-049   0.554543E-050   0.108634E-048
-20.328157   0.391585E-047  -0.507286E-047   0.322164E-048   0.639446E-047
-20.092229   0.117005E-045  -0.151097E-045   0.937564E-047   0.188261E-045
-19.883871   0.183912E-044  -0.236861E-044   0.144126E-045   0.292285E-044
-19.694777   0.186813E-043  -0.240029E-043   0.143589E-044   0.293750E-043
-19.517628   0.144653E-042  -0.185458E-042   0.109241E-043   0.225280E-042
-19.347289   0.955157E-042  -0.122208E-041   0.709371E-043   0.147415E-041
-19.180356   0.578318E-041  -0.738431E-041   0.422525E-042   0.884736E-041
-19.014776   0.335152E-040  -0.427069E-040   0.240880E-041   0.508262E-040
-18.849556   0.189808E-039  -0.241362E-039   0.134170E-040   0.285325E-039
-18.684338   0.105898E-038  -0.134375E-038   0.735998E-040   0.157778E-038
-18.518766   0.586560E-038  -0.742666E-038   0.400665E-039   0.866063E-038
-18.351861   0.328790E-037  -0.415348E-037   0.220598E-038   0.480978E-037
-18.181581   0.193805E-036  -0.244235E-036   0.127585E-037   0.280762E-036
-18.004539   0.127866E-035  -0.160709E-035   0.824405E-037   0.183283E-035
-17.815622   0.103541E-034  -0.129736E-034   0.651793E-036   0.146637E-034
-17.607531   0.117005E-033  -0.146059E-033   0.715585E-035   0.163339E-033
-17.371980   0.213424E-032  -0.265162E-032   0.125868E-033   0.292672E-032
-17.110268   0.626877E-031  -0.774257E-031   0.353442E-032   0.841201E-031
-16.849593   0.195637E-029  -0.240065E-029   0.105013E-030   0.256502E-029
-16.615389   0.424989E-028  -0.518229E-028   0.217605E-029   0.545182E-028
-16.407853   0.617520E-027  -0.748584E-027   0.302615E-028   0.776582E-027
-16.219245   0.663736E-026  -0.800133E-026   0.312073E-027   0.819489E-026
-16.042855   0.580692E-025  -0.696238E-025   0.262303E-026   0.704530E-025
-15.873717   0.444457E-024  -0.530025E-024   0.192933E-025   0.530124E-024
-15.707963   0.314488E-023  -0.372976E-023   0.131103E-024   0.368770E-023
-15.542230   0.215374E-022  -0.253965E-022   0.860808E-024   0.248190E-022
-15.373154   0.149004E-021  -0.174628E-021   0.569367E-023   0.168609E-021
-15.196878   0.108964E-020  -0.126845E-020   0.396348E-022   0.120914E-020
-15.008448   0.887931E-020  -0.102580E-019   0.305471E-021   0.964272E-020
-14.801174   0.858250E-019  -0.982715E-019   0.276605E-020   0.909399E-019
-14.567333   0.103696E-017  -0.117469E-017   0.308911E-019   0.106769E-017
-14.306941   0.146368E-016  -0.163730E-016   0.397206E-018   0.145861E-016
-14.044972   0.173098E-015  -0.191101E-015   0.425869E-017   0.166924E-015
-13.809044   0.130781E-014  -0.142670E-014   0.294045E-016   0.122529E-014
-13.600686   0.660710E-014  -0.713285E-014   0.137146E-015   0.604000E-014
-13.411592   0.254462E-013  -0.272143E-013   0.491115E-015   0.227659E-013
-13.234443   0.827208E-013  -0.876942E-013   0.148990E-014   0.725590E-013
-13.064104   0.242880E-012  -0.255288E-012   0.408558E-014   0.209059E-012
-12.897171   0.672388E-012  -0.700681E-012   0.105471E-013   0.568072E-012
-12.731591   0.179941E-011  -0.185860E-011   0.262331E-013   0.149192E-011
-12.566371   0.471036E-011  -0.482076E-011   0.635306E-013   0.383113E-011
-12.401152   0.121149E-010  -0.122801E-010   0.150318E-012   0.966112E-011
-12.235581   0.307396E-010  -0.308447E-010   0.348456E-012   0.240195E-010
-12.068675   0.777210E-010  -0.771496E-010   0.797464E-012   0.594513E-010
-11.898395   0.199702E-009  -0.195911E-009   0.182927E-011   0.149318E-009
-11.721354   0.537962E-009  -0.520741E-009   0.430250E-011   0.392194E-009
-11.532437   0.158816E-008  -0.151301E-008   0.106754E-010   0.112426E-008
-11.324346   0.544883E-008  -0.508748E-008   0.286787E-010   0.372034E-008
-11.088795   0.230627E-007  -0.209627E-007   0.819677E-010   0.150311E-007
-10.827083   0.117697E-006  -0.103220E-006   0.192063E-009   0.722899E-007
-10.566407   0.582382E-006  -0.489403E-006  -0.131753E-009   0.334418E-006
-10.332204   0.230083E-005  -0.184836E-005  -0.409011E-008   0.123502E-005
-10.124667   0.724064E-005  -0.555599E-005  -0.218494E-007   0.364037E-005
 -9.936059   0.192230E-004  -0.140686E-004  -0.771451E-007   0.906088E-005
 -9.759670   0.452097E-004  -0.314721E-004  -0.217869E-006   0.199628E-004
 -9.590531   0.974562E-004  -0.642526E-004  -0.533043E-006   0.402071E-004
 -9.424778   0.197136E-003  -0.122313E-003  -0.117944E-005   0.756379E-004
 -9.259044   0.380516E-003  -0.220151E-003  -0.242182E-005   0.134806E-003
 -9.089969   0.709569E-003  -0.377723E-003  -0.468913E-005   0.229656E-003
 -8.913693   0.129014E-002  -0.619274E-003  -0.863679E-005   0.375507E-003
 -8.725263   0.230117E-002  -0.964603E-003  -0.151517E-004   0.588022E-003
 -8.517988   0.402932E-002  -0.139676E-002  -0.250407E-004   0.870229E-003
 -8.284148   0.683503E-002  -0.177462E-002  -0.376178E-004   0.117388E-002
 -8.023756   0.107303E-001  -0.174548E-002  -0.477344E-004   0.134483E-002
 -7.761787   0.146069E-001  -0.113505E-002  -0.487076E-004   0.124350E-002
 -7.525858   0.172609E-001  -0.439453E-003  -0.436364E-004   0.987057E-003
 -7.317500   0.186587E-001  -0.122603E-003  -0.392685E-004   0.744285E-003
 -7.128407   0.192024E-001  -0.268059E-003  -0.380292E-004   0.572498E-003
 -6.951258   0.192198E-001  -0.786533E-003  -0.395118E-004   0.468298E-003
 -6.780918   0.189198E-001  -0.154784E-002  -0.424717E-004   0.412522E-003
 -6.613985   0.184394E-001  -0.241148E-002  -0.456173E-004   0.385398E-003
 -6.448405   0.178846E-001  -0.322827E-002  -0.479703E-004   0.370802E-003
 -6.283185   0.173526E-001  -0.385273E-002  -0.492272E-004   0.358661E-003
 -6.117967   0.169355E-001  -0.417595E-002  -0.500768E-004   0.347013E-003
 -5.952396   0.167145E-001  -0.416048E-002  -0.521987E-004   0.341990E-003
 -5.785490   0.167571E-001  -0.385111E-002  -0.578957E-004   0.355117E-003
 -5.615210   0.171230E-001  -0.336180E-002  -0.696996E-004   0.400326E-003
 -5.438169   0.178785E-001  -0.286215E-002  -0.903264E-004   0.493719E-003
 -5.249251   0.191123E-001  -0.257334E-002  -0.123393E-003   0.659235E-003
 -5.041161   0.209634E-001  -0.273359E-002  -0.176527E-003   0.948643E-003
 -4.805610   0.237433E-001  -0.340227E-002  -0.270582E-003   0.148163E-002
 -4.543898   0.282006E-001  -0.408400E-002  -0.434504E-003   0.234635E-002
 -4.283222   0.347026E-001  -0.415305E-002  -0.603312E-003   0.307595E-002
 -4.049018   0.416567E-001  -0.383473E-002  -0.645011E-003   0.313598E-002
 -3.841482   0.476030E-001  -0.357718E-002  -0.586896E-003   0.287414E-002
 -3.652874   0.525927E-001  -0.358441E-002  -0.531013E-003   0.274579E-002
 -3.476485   0.572258E-001  -0.383637E-002  -0.516168E-003   0.279304E-002
 -3.307346   0.618827E-001  -0.416896E-002  -0.522798E-003   0.286690E-002
 -3.141592   0.666927E-001  -0.441438E-002  -0.535411E-003   0.293968E-002
 -2.975859   0.718440E-001  -0.452417E-002  -0.578851E-003   0.317586E-002
 -2.806783   0.778270E-001  -0.458252E-002  -0.698858E-003   0.375912E-002
 -2.630508   0.853997E-001  -0.469047E-002  -0.910328E-003   0.468865E-002
 -2.442077   0.954404E-001  -0.481610E-002  -0.119180E-002   0.590233E-002
 -2.234803   0.109511E+000  -0.481389E-002  -0.162392E-002   0.796467E-002
 -2.000963   0.132231E+000  -0.472214E-002  -0.256876E-002   0.125533E-001
 -1.740570   0.172579E+000  -0.483684E-002  -0.433035E-002   0.209506E-001
 -1.478601   0.236660E+000  -0.522170E-002  -0.700146E-002   0.345956E-001
 -1.242673   0.325655E+000  -0.575932E-002  -0.111246E-001   0.558087E-001
 -1.034315   0.437476E+000  -0.606307E-002  -0.160450E-001   0.797916E-001
 -0.845221   0.563653E+000  -0.573784E-002  -0.200693E-001   0.981903E-001
 -0.668072   0.692673E+000  -0.471858E-002  -0.218052E-001   0.105054E+000
 -0.497733   0.812603E+000  -0.322724E-002  -0.205014E-001   0.975663E-001
 -0.330800   0.911311E+000  -0.165389E-002  -0.160075E-001   0.755103E-001
 -0.165220   0.976913E+000  -0.451526E-003  -0.879766E-002   0.412786E-001
  0.000000   0.100000E+001   0.536396E-016   0.842550E-006  -0.691942E-005
  0.165218   0.976898E+000  -0.450572E-003   0.879920E-002  -0.412915E-001
  0.330790   0.911287E+000  -0.165193E-002   0.160086E-001  -0.755197E-001
  0.497695   0.812586E+000  -0.322417E-002   0.205017E-001  -0.975708E-001
  0.667975   0.692696E+000  -0.471446E-002   0.218058E-001  -0.105058E+000
  0.845016   0.563752E+000  -0.573333E-002   0.200727E-001  -0.982052E-001
  1.033934   0.437673E+000  -0.605954E-002   0.160540E-001  -0.798336E-001
  1.242024   0.325933E+000  -0.575771E-002   0.111388E-001  -0.558790E-001
  1.477576   0.236961E+000  -0.522086E-002   0.701505E-002  -0.346661E-001
  1.739288   0.172819E+000  -0.483522E-002   0.434029E-002  -0.209986E-001
  1.999963   0.132351E+000  -0.471955E-002   0.257414E-002  -0.125786E-001
  2.234167   0.109561E+000  -0.481131E-002   0.162566E-002  -0.797307E-002
  2.441703   0.954607E-001  -0.481380E-002   0.119242E-002  -0.590493E-002
  2.630311   0.854064E-001  -0.468822E-002   0.910604E-003  -0.468971E-002
  2.806701   0.778272E-001  -0.458039E-002   0.698939E-003  -0.375939E-002
  2.975839   0.718416E-001  -0.452207E-002   0.578864E-003  -0.317583E-002
  3.141593   0.666899E-001  -0.441211E-002   0.535422E-003  -0.293963E-002
  3.307326   0.618806E-001  -0.416663E-002   0.522809E-003  -0.286686E-002
  3.476402   0.572255E-001  -0.383433E-002   0.516174E-003  -0.279300E-002
  3.652678   0.525956E-001  -0.358271E-002   0.530981E-003  -0.274570E-002
  3.841108   0.476116E-001  -0.357513E-002   0.586770E-003  -0.287364E-002
  4.048382   0.416751E-001  -0.383166E-002   0.644950E-003  -0.313534E-002
  4.282223   0.347310E-001  -0.415004E-002   0.603804E-003  -0.307754E-002
  4.542615   0.282264E-001  -0.408427E-002   0.435395E-003  -0.235063E-002
  4.804584   0.237572E-001  -0.340404E-002   0.271070E-003  -0.148434E-002
  5.040512   0.209701E-001  -0.273310E-002   0.176712E-003  -0.949672E-003
  5.248870   0.191152E-001  -0.257133E-002   0.123469E-003  -0.659630E-003
  5.437964   0.178795E-001  -0.286004E-002   0.903577E-004  -0.493880E-003
  5.615113   0.171230E-001  -0.336007E-002   0.697101E-004  -0.400385E-003
  5.785452   0.167569E-001  -0.384962E-002   0.578964E-004  -0.355125E-003
  5.952385   0.167143E-001  -0.415898E-002   0.521949E-004  -0.341969E-003
  6.117965   0.169353E-001  -0.417427E-002   0.500717E-004  -0.346978E-003
  6.283185   0.173526E-001  -0.385082E-002   0.492232E-004  -0.358627E-003
  6.448404   0.178846E-001  -0.322618E-002   0.479692E-004  -0.370783E-003
  6.613975   0.184393E-001  -0.240933E-002   0.456198E-004  -0.385400E-003
  6.780881   0.189196E-001  -0.154584E-002   0.424777E-004  -0.412537E-003
  6.951161   0.192194E-001  -0.784825E-003   0.395200E-004  -0.468291E-003
  7.128202   0.192021E-001  -0.266535E-003   0.380362E-004  -0.572374E-003
  7.317119   0.186597E-001  -0.120604E-003   0.392673E-004  -0.743871E-003
  7.525210   0.172663E-001  -0.435807E-003   0.436205E-004  -0.986185E-003
  7.760761   0.146209E-001  -0.112949E-002   0.486913E-004  -0.124249E-002
  8.022473   0.107510E-001  -0.174115E-002   0.477621E-004  -0.134492E-002
  8.283148   0.685030E-002  -0.177322E-002   0.376717E-004  -0.117496E-002
  8.517352   0.403689E-002  -0.139621E-002   0.250778E-004  -0.871147E-003
  8.724889   0.230433E-002  -0.964010E-003   0.151692E-004  -0.588497E-003
  8.913497   0.129134E-002  -0.618664E-003   0.864338E-005  -0.375687E-003
  9.089886   0.710010E-003  -0.377219E-003   0.469120E-005  -0.229700E-003
  9.259025   0.380685E-003  -0.219800E-003   0.242242E-005  -0.134806E-003
  9.424778   0.197218E-003  -0.122101E-003   0.117969E-005  -0.756326E-004
  9.590512   0.975116E-004  -0.641427E-004   0.533252E-006  -0.402078E-004
  9.759587   0.452528E-004  -0.314258E-004   0.218061E-006  -0.199692E-004
  9.935863   0.192550E-004  -0.140556E-004   0.772893E-007  -0.906931E-005
 10.124293   0.726133E-005  -0.555645E-005   0.219321E-007  -0.364764E-005
 10.331568   0.231173E-005  -0.185161E-005   0.412328E-008  -0.123963E-005
 10.565408   0.586657E-006  -0.491422E-006   0.138887E-009  -0.336481E-006
 10.825800   0.118782E-006  -0.103818E-006  -0.192071E-009  -0.728627E-007
 11.087769   0.232414E-007  -0.210511E-007  -0.822420E-010  -0.151283E-007
 11.323697   0.547744E-008  -0.509581E-008  -0.287477E-010  -0.373525E-008
 11.532056   0.159362E-008  -0.151262E-008  -0.106884E-010  -0.112674E-008
 11.721149   0.539221E-009  -0.519993E-009  -0.430419E-011  -0.392623E-009
 11.898298   0.200049E-009  -0.195496E-009  -0.182911E-011  -0.149388E-009
 12.068638   0.778337E-010  -0.769578E-010  -0.797202E-012  -0.594602E-010
 12.235571   0.307812E-010  -0.307625E-010  -0.348311E-012  -0.240199E-010
 12.401151   0.121313E-010  -0.122464E-010  -0.150255E-012  -0.966094E-011
 12.566371   0.471689E-011  -0.480730E-011  -0.635053E-013  -0.383105E-011
 12.731589   0.180198E-011  -0.185335E-011  -0.262234E-013  -0.149189E-011
 12.897160   0.673400E-012  -0.698696E-012  -0.105437E-013  -0.568085E-012
 13.064066   0.243292E-012  -0.254593E-012  -0.408495E-014  -0.209096E-012
 13.234346   0.828966E-013  -0.874852E-013  -0.149024E-014  -0.725994E-013
 13.411387   0.255219E-013  -0.271699E-013  -0.491610E-015  -0.227967E-013
 13.600305   0.663720E-014  -0.713165E-014  -0.137486E-015  -0.605729E-014
 13.808395   0.131737E-014  -0.143019E-014  -0.295539E-016  -0.123206E-014
 14.043946   0.175095E-015  -0.192341E-015  -0.429743E-017  -0.168530E-015
 14.305658   0.148559E-016  -0.165322E-016  -0.402126E-018  -0.147749E-016
 14.566334   0.105069E-017  -0.118390E-017  -0.312219E-019  -0.107961E-017
 14.800537   0.866464E-019  -0.986702E-019  -0.278579E-020  -0.916205E-019
 15.008074   0.893742E-020  -0.102675E-019  -0.306743E-021  -0.968550E-020
 15.196682   0.109448E-020  -0.126683E-020  -0.397176E-022  -0.121194E-020
 15.373071   0.149469E-021  -0.174155E-021  -0.569796E-023  -0.168769E-021
 15.542210   0.215889E-022  -0.253068E-022  -0.860813E-024  -0.248236E-022
 15.707963   0.315177E-023  -0.371543E-023  -0.131072E-024  -0.368746E-023
 15.873697   0.445567E-024  -0.528094E-024  -0.192938E-025  -0.530224E-024
 16.042773   0.582656E-025  -0.694238E-025  -0.262524E-026  -0.705246E-025
 16.219048   0.667059E-026  -0.799032E-026  -0.312819E-027  -0.821598E-026
 16.407478   0.622244E-027  -0.749427E-027  -0.304109E-028  -0.780572E-027
 16.614753   0.429948E-028  -0.520809E-028  -0.219526E-029  -0.550121E-028
 16.848593   0.198952E-029  -0.242480E-029  -0.106479E-030  -0.260149E-029
 17.108986   0.639574E-031  -0.784461E-031  -0.359507E-032  -0.855863E-031
 17.370955   0.216953E-032  -0.267638E-032  -0.127562E-033  -0.296676E-032
 17.606883   0.118303E-033  -0.146616E-033  -0.721344E-035  -0.164683E-033
 17.815241   0.104298E-034  -0.129731E-034  -0.654586E-036  -0.147288E-034
 18.004334   0.128516E-035  -0.160332E-035  -0.826091E-037  -0.183683E-035
 18.181484   0.194555E-036  -0.243349E-036  -0.127688E-037  -0.281025E-036
 18.351823   0.329867E-037  -0.413566E-037  -0.220641E-038  -0.481132E-037
 18.518756   0.588351E-038  -0.739262E-038  -0.400644E-039  -0.866122E-038
 18.684336   0.106217E-038  -0.133744E-038  -0.735910E-040  -0.157778E-038
 18.849556   0.190386E-039  -0.240219E-039  -0.134153E-040  -0.285322E-039
 19.014774   0.336185E-040  -0.425033E-040  -0.240852E-041  -0.508262E-040
 19.180345   0.580161E-041  -0.734936E-041  -0.422506E-042  -0.884799E-041
 19.347251   0.958489E-042  -0.121657E-041  -0.709531E-043  -0.147465E-041
 19.517531   0.145260E-042  -0.184739E-042  -0.109339E-043  -0.225508E-042
 19.694572   0.187864E-043  -0.239420E-043  -0.143916E-044  -0.294453E-043
 19.883490   0.185434E-044  -0.236859E-044  -0.144825E-045  -0.293740E-044
 20.091580   0.118509E-045  -0.151767E-045  -0.946323E-047  -0.190047E-045
 20.327131   0.399329E-047  -0.512945E-047  -0.327360E-048  -0.649862E-047
 20.588844   0.670375E-049  -0.864082E-049  -0.566418E-050  -0.110979E-048
 20.849519   0.886578E-051  -0.114667E-050  -0.772218E-052  -0.149355E-050
 21.083723   0.158978E-052  -0.206234E-052  -0.142252E-053  -0.272043E-052
 21.291259   0.425973E-054  -0.554003E-054  -0.390116E-055  -0.738942E-054
 21.479867   0.154904E-055  -0.201910E-055  -0.144802E-056  -0.271999E-055
 21.656256   0.686866E-057  -0.897093E-057  -0.654151E-058  -0.121960E-056
 21.825395   0.340193E-058  -0.445140E-058  -0.329685E-059  -0.610425E-058
 21.991149   0.174953E-059  -0.229329E-059  -0.172406E-060  -0.317128E-059
 22.156882   0.873727E-061  -0.114725E-060  -0.875239E-062  -0.159971E-060
 22.325958   0.395214E-062  -0.519821E-062  -0.402469E-063  -0.730967E-062
 22.502233   0.149207E-063  -0.196591E-063  -0.154539E-064  -0.278876E-063
 22.690664   0.423356E-065  -0.558814E-065  -0.446379E-066  -0.800141E-065
 22.897938   0.787339E-067  -0.104127E-066  -0.846347E-068  -0.150627E-066
 23.131779   0.833675E-069  -0.110488E-068  -0.915421E-070  -0.161659E-068
 23.392171   0.536319E-071  -0.712367E-071  -0.602426E-072  -0.105521E-070
 23.654140   0.388170E-073  -0.516647E-073  -0.445408E-074  -0.774322E-073
 23.890068   0.577289E-075  -0.769644E-075  -0.674159E-076  -0.116484E-074
 24.098426   0.175363E-076  -0.234107E-076  -0.207715E-077  -0.357151E-076
 24.287520   0.873903E-078  -0.116794E-077  -0.104750E-078  -0.179383E-077
 24.464669   0.590819E-079  -0.790368E-079  -0.715636E-080  -0.122119E-078
 24.635008   0.473531E-080  -0.634025E-080  -0.579119E-081  -0.985047E-080
 24.801941   0.410990E-081  -0.550746E-081  -0.507261E-082  -0.860195E-081
 24.967521   0.365502E-082  -0.490185E-082  -0.455163E-083  -0.769579E-082
 25.132741   0.324020E-083  -0.434895E-083  -0.407069E-084  -0.686282E-083
 25.297960   0.283193E-084  -0.380393E-084  -0.358890E-085  -0.603345E-084
 25.463531   0.241295E-085  -0.324363E-085  -0.308451E-086  -0.517103E-085
 25.630437   0.194755E-086  -0.262002E-086  -0.251137E-087  -0.419844E-086
 25.800716   0.140351E-087  -0.188960E-087  -0.182611E-088  -0.304415E-087
 25.977758   0.817544E-089  -0.110160E-088  -0.107388E-089  -0.178480E-088
 26.166675   0.330384E-090  -0.445581E-090  -0.438574E-091  -0.726514E-090
 26.374766   0.740794E-092  -0.100013E-091  -0.995471E-093  -0.164280E-091
 26.610317   0.699469E-094  -0.945502E-094  -0.953797E-095  -0.156698E-093
 26.872029   0.260154E-096  -0.352159E-096  -0.360847E-097  -0.589785E-096
 27.132704   0.719270E-099  -0.975030E-099  -0.101517E-099  -0.165067E-098
 27.366908   0.308989E-101  -0.419387E-101  -0.442959E-102  -0.716974E-101
 27.574444   0.233486E-103  -0.317250E-103  -0.339305E-104  -0.547043E-103
 27.763053   0.270785E-105  -0.368282E-105  -0.398307E-106  -0.639949E-105
 27.939442   0.415628E-107  -0.565763E-107  -0.618192E-108  -0.990120E-107
 28.108580   0.748838E-109  -0.102016E-108  -0.112552E-109  -0.179741E-108
 28.274334   0.143468E-110  -0.195600E-110  -0.217827E-111  -0.346888E-110
