 nmodes=            3  nfields=            2  max_plot=          289
 ky=   2.4548270164436313E-003   width=    1.000000000000000     
 theta     ((Re(field_i), Im(field_i),i=(1,nfields)),j=1,nmodes)
Tearing metric:  [   0.140868E-002   0.199520E+001   0.199714E+001   0.199807E+001 ]
DEP: [   0.286909E-006   0.297072E-002   0.658515E-007   0.000000E+000]
chi_th: [  -0.178791E-001  -0.398759E+002   0.705499E-002   0.000000E+000]
chi_i: [  -0.118243E+000  -0.471049E+003   0.560023E-002   0.000000E+000]
chi_i_cond: [  -0.493157E-001  -0.216212E+003   0.578709E-002   0.000000E+000]
chi_e: [   0.190817E-001   0.647948E+003   0.250434E-001   0.000000E+000]
chi_e_cond: [   0.144733E-001   0.141597E+003   0.835983E-002   0.000000E+000]
i_QL_cond_flux: [  -0.507524E-007  -0.222511E-003   0.595568E-008   0.000000E+000]
e_QL_cond_flux: [   0.144733E-007   0.141597E-003   0.835983E-008   0.000000E+000]
QL_ratio: [   0.415080E+003   0.854260E+003   0.157067E+004             NaN]
EP QL convective fraction: [   0.565274E+000   0.648671E+000   0.292182E+000             NaN]
<theta^2>: [   0.160512E+001   0.127824E+002   0.635671E+001   0.328923E+002]
 Mode kept T/F for each mode:    T  F  F  F
 Theta      Re(phi)        Im(phi)        Re(B_per)        Im(B_per)
-28.274315  -0.999559E-145  -0.253597E-145   0.241672E-145  -0.121297E-144
-28.114853  -0.678214E-143  -0.172354E-143   0.163246E-143  -0.818298E-143
-27.952077  -0.575130E-141  -0.146419E-141   0.137779E-141  -0.689684E-141
-27.781927  -0.808956E-139  -0.206370E-139   0.192763E-139  -0.963395E-139
-27.598611  -0.272408E-136  -0.696660E-137   0.645006E-137  -0.321742E-136
-27.392524  -0.373334E-133  -0.957845E-134   0.876953E-134  -0.436357E-133
-27.146111  -0.458037E-129  -0.118036E-129   0.106459E-129  -0.527920E-129
-26.839372  -0.718316E-124  -0.186226E-124   0.164676E-124  -0.812829E-124
-26.532178  -0.265271E-119  -0.691655E-120   0.600671E-120  -0.295184E-119
-26.291205  -0.133270E-116  -0.348725E-117   0.299536E-117  -0.146794E-116
-26.094100  -0.491169E-115  -0.128799E-115   0.109914E-115  -0.537766E-115
-25.920470  -0.496467E-114  -0.130371E-114   0.110788E-114  -0.541453E-114
-25.759064  -0.288468E-113  -0.758332E-114   0.642341E-114  -0.313669E-113
-25.603040  -0.150410E-112  -0.395808E-113   0.334245E-113  -0.163089E-112
-25.447930  -0.918668E-112  -0.242027E-112   0.203695E-112  -0.993019E-112
-25.291240  -0.731634E-111  -0.193009E-111   0.161809E-111  -0.788014E-111
-25.132741  -0.709801E-110  -0.187527E-110   0.156539E-110  -0.761475E-110
-24.974201  -0.682452E-109  -0.180572E-109   0.150084E-109  -0.729228E-109
-24.817434  -0.530538E-108  -0.140571E-108   0.116376E-108  -0.564846E-108
-24.662299  -0.313117E-107  -0.830641E-108   0.685306E-108  -0.332311E-107
-24.506372  -0.156445E-106  -0.415483E-107   0.341711E-107  -0.165556E-106
-24.345254  -0.857619E-106  -0.228036E-106   0.186920E-106  -0.904777E-106
-24.172194  -0.785761E-105  -0.209260E-105   0.170777E-105  -0.825632E-105
-23.976115  -0.236602E-103  -0.631673E-104   0.511999E-104  -0.247055E-103
-23.736951  -0.740704E-101  -0.198613E-101   0.159102E-101  -0.765145E-101
-23.431994  -0.940746E-097  -0.254181E-097   0.199587E-097  -0.954216E-097
-23.123211  -0.341635E-092  -0.931620E-093   0.714721E-093  -0.339282E-092
-22.875101  -0.100341E-088  -0.275717E-089   0.207655E-089  -0.979974E-089
-22.668019  -0.381214E-086  -0.105386E-086   0.782513E-087  -0.367567E-086
-22.484110  -0.407021E-084  -0.113085E-084   0.830094E-085  -0.388415E-084
-22.313611  -0.199564E-082  -0.556881E-083   0.404794E-083  -0.188775E-082
-22.150649  -0.619777E-081  -0.173639E-081   0.125111E-081  -0.581661E-081
-21.991130  -0.154146E-079  -0.433533E-080   0.309760E-080  -0.143585E-079
-21.831668  -0.373102E-078  -0.105351E-078   0.746385E-079  -0.344922E-078
-21.668891  -0.106075E-076  -0.300810E-077   0.211195E-077  -0.972747E-077
-21.498741  -0.437536E-075  -0.124696E-075   0.866528E-076  -0.397590E-075
-21.315426  -0.343484E-073  -0.984911E-074   0.676029E-074  -0.308728E-073
-21.109338  -0.757066E-071  -0.218822E-071   0.147853E-071  -0.671075E-071
-20.862925  -0.828628E-068  -0.242190E-068   0.160209E-068  -0.720944E-068
-20.556186  -0.567774E-064  -0.168545E-064   0.108393E-064  -0.481975E-064
-20.248993  -0.126122E-060  -0.380092E-061   0.238154E-061  -0.104673E-060
-20.008019  -0.116953E-058  -0.355879E-059   0.219440E-059  -0.957345E-059
-19.810915  -0.160213E-057  -0.490388E-058   0.299518E-058  -0.130081E-057
-19.637284  -0.855120E-057  -0.262756E-057   0.159496E-057  -0.690630E-057
-19.475879  -0.305063E-056  -0.940206E-057   0.568007E-057  -0.245384E-056
-19.319855  -0.100473E-055  -0.310550E-056   0.186771E-056  -0.805083E-056
-19.164745  -0.370259E-055  -0.114810E-055   0.687062E-056  -0.295432E-055
-19.008055  -0.164814E-054  -0.512976E-055   0.305219E-055  -0.130865E-054
-18.849556  -0.843083E-054  -0.263510E-054   0.155791E-054  -0.665812E-054
-18.691016  -0.427149E-053  -0.134081E-053   0.787628E-054  -0.335506E-053
-18.534249  -0.185323E-052  -0.584040E-053   0.341066E-053  -0.144841E-052
-18.379113  -0.658759E-052  -0.208336E-052   0.121039E-052  -0.512633E-052
-18.223186  -0.207537E-051  -0.658477E-052   0.380763E-052  -0.160863E-051
-18.062068  -0.697278E-051  -0.222007E-051   0.127731E-051  -0.538191E-051
-17.889009  -0.336796E-050  -0.107732E-050   0.615747E-051  -0.258519E-050
-17.692930  -0.376662E-049  -0.121374E-049   0.686597E-050  -0.286641E-049
-17.453766  -0.217685E-047  -0.710712E-048   0.394917E-048  -0.163221E-047
-17.148809  -0.163209E-044  -0.545574E-045   0.293983E-045  -0.119327E-044
-16.840026  -0.235743E-041  -0.811799E-042   0.421849E-042  -0.167377E-041
-16.591916  -0.560829E-039  -0.198123E-039   0.999825E-040  -0.389024E-039
-16.384833  -0.316671E-037  -0.114239E-037   0.563486E-038  -0.215766E-037
-16.200925  -0.737789E-036  -0.270944E-036   0.131174E-036  -0.495499E-036
-16.030426  -0.100069E-034  -0.373368E-035   0.177885E-035  -0.663873E-035
-15.867464  -0.986796E-034  -0.373685E-034   0.175464E-034  -0.647483E-034
-15.707944  -0.829801E-033  -0.318870E-033   0.147650E-033  -0.538805E-033
-15.548483  -0.677692E-032  -0.264440E-032   0.120720E-032  -0.435431E-032
-15.385706  -0.607774E-031  -0.241232E-031   0.108451E-031  -0.386152E-031
-15.215556  -0.684876E-030  -0.277370E-030   0.122530E-030  -0.429666E-030
-15.032241  -0.114817E-028  -0.477003E-029   0.206280E-029  -0.709528E-029
-14.826153  -0.362386E-027  -0.155859E-027   0.655726E-028  -0.219724E-027
-14.579740  -0.300078E-025  -0.135823E-025   0.550227E-026  -0.177427E-025
-14.273001  -0.709764E-023  -0.346970E-023   0.133483E-023  -0.406363E-023
-13.965807  -0.748276E-021  -0.397246E-021   0.145478E-021  -0.416632E-021
-13.724834  -0.109549E-019  -0.615889E-020   0.218644E-020  -0.600368E-020
-13.527729  -0.506225E-019  -0.295280E-019   0.102877E-019  -0.274998E-019
-13.354099  -0.133696E-018  -0.799763E-019   0.275225E-019  -0.722348E-019
-13.192694  -0.278288E-018  -0.169850E-018   0.578952E-019  -0.149757E-018
-13.036669  -0.551191E-018  -0.343081E-018   0.115884E-018  -0.295542E-018
-12.881560  -0.115957E-017  -0.738128E-018   0.246810E-018  -0.619380E-018
-12.724869  -0.270209E-017  -0.176705E-017   0.583913E-018  -0.143733E-017
-12.566371  -0.676554E-017  -0.456472E-017   0.148862E-017  -0.358369E-017
-12.407830  -0.167228E-016  -0.116618E-016   0.375238E-017  -0.882456E-017
-12.251064  -0.376557E-016  -0.271067E-016   0.861442E-017  -0.198109E-016
-12.095928  -0.755340E-016  -0.559751E-016   0.175950E-016  -0.396502E-016
-11.940001  -0.141167E-015  -0.107545E-015   0.334663E-016  -0.739786E-016
-11.778883  -0.271932E-015  -0.213636E-015   0.657628E-016  -0.142311E-015
-11.605824  -0.632574E-015  -0.518591E-015   0.157353E-015  -0.330703E-015
-11.409745  -0.226637E-014  -0.199656E-014   0.592155E-015  -0.118530E-014
-11.170580  -0.182935E-013  -0.186063E-013   0.529982E-014  -0.964863E-014
-10.865624  -0.454987E-012  -0.645042E-012   0.170879E-012  -0.253524E-012
-10.556841  -0.946819E-011  -0.272084E-010   0.657813E-011  -0.683280E-011
-10.308731  -0.137926E-010  -0.401431E-009   0.896650E-010  -0.570936E-010
-10.101648   0.613894E-009  -0.270328E-008   0.565424E-009  -0.165559E-009
 -9.917740   0.514997E-008  -0.113889E-007   0.225111E-008   0.229574E-010
 -9.747241   0.236487E-007  -0.361293E-007   0.678594E-008   0.195692E-008
 -9.584279   0.817054E-007  -0.966329E-007   0.172917E-007   0.961772E-008
 -9.424759   0.243388E-006  -0.235018E-006   0.400594E-007   0.331783E-007
 -9.265297   0.679396E-006  -0.549657E-006   0.889621E-007   0.997483E-007
 -9.102521   0.189115E-005  -0.129483E-005   0.197593E-006   0.288006E-006
 -8.932371   0.554126E-005  -0.320594E-005   0.455412E-006   0.852071E-006
 -8.749055   0.180078E-004  -0.869887E-005   0.112461E-005   0.272095E-005
 -8.542968   0.682442E-004  -0.268776E-004   0.303289E-005   0.975610E-005
 -8.296555   0.308592E-003  -0.953674E-004   0.861332E-005   0.389493E-004
 -7.989816   0.138836E-002  -0.324432E-003   0.193938E-004   0.133759E-003
 -7.682622   0.331817E-002  -0.623394E-003   0.197366E-004   0.205749E-003
 -7.441649   0.439097E-002  -0.741439E-003   0.116714E-004   0.167698E-003
 -7.244544   0.472988E-002  -0.762192E-003   0.590647E-005   0.112341E-003
 -7.070914   0.479504E-002  -0.756796E-003   0.270028E-005   0.706234E-004
 -6.909508   0.476534E-002  -0.744954E-003   0.810314E-006   0.396150E-004
 -6.753484   0.468331E-002  -0.729776E-003  -0.415287E-006   0.137306E-004
 -6.598375   0.454811E-002  -0.711151E-003  -0.110321E-005  -0.853838E-005
 -6.441684   0.436248E-002  -0.690956E-003  -0.110249E-005  -0.235948E-004
 -6.283185   0.416607E-002  -0.675077E-003  -0.378955E-006  -0.256558E-004
 -6.124645   0.402719E-002  -0.669907E-003   0.650744E-006  -0.141148E-004
 -5.967878   0.398447E-002  -0.676164E-003   0.139410E-005   0.389564E-005
 -5.812743   0.402418E-002  -0.689673E-003   0.158482E-005   0.207022E-004
 -5.656816   0.412080E-002  -0.707109E-003   0.123262E-005   0.331601E-004
 -5.495698   0.427517E-002  -0.728849E-003   0.244755E-006   0.401843E-004
 -5.322638   0.452467E-002  -0.757837E-003  -0.193606E-005   0.364586E-004
 -5.126559   0.489814E-002  -0.790676E-003  -0.654978E-005   0.538972E-005
 -4.887395   0.520112E-002  -0.779416E-003  -0.137897E-004  -0.117358E-004
 -4.582438   0.715278E-002  -0.635236E-003  -0.278002E-004   0.508732E-003
 -4.273655   0.143945E-001  -0.307011E-003  -0.537292E-004   0.467400E-003
 -4.025545   0.165649E-001   0.593070E-004  -0.322025E-004   0.160349E-003
 -3.818463   0.183935E-001   0.204105E-003  -0.213959E-004   0.394560E-003
 -3.634555   0.203836E-001   0.282736E-003  -0.203529E-004   0.265213E-003
 -3.464055   0.210471E-001   0.355857E-003  -0.146293E-004   0.628463E-005
 -3.301093   0.209852E-001   0.407947E-003  -0.853392E-005  -0.188028E-004
 -3.141574   0.212721E-001   0.437237E-003  -0.844351E-005   0.163331E-003
 -2.982112   0.222598E-001   0.466120E-003  -0.140648E-004   0.288951E-003
 -2.819335   0.233278E-001   0.523546E-003  -0.189293E-004   0.145017E-003
 -2.649185   0.235051E-001   0.616283E-003  -0.180353E-004  -0.730786E-004
 -2.465870   0.238643E-001   0.711178E-003  -0.234206E-004   0.333656E-003
 -2.259782   0.286172E-001   0.855464E-003  -0.513430E-004   0.862412E-003
 -2.013370   0.318923E-001   0.130110E-002  -0.527155E-004   0.160049E-003
 -1.706630   0.559901E-001   0.181420E-002  -0.139116E-003   0.312213E-002
 -1.399437   0.774845E-001   0.276620E-002  -0.190664E-003   0.659888E-002
 -1.158463   0.206181E+000   0.250660E-002  -0.719124E-003   0.394259E-001
 -0.961359   0.390084E+000   0.185852E-002  -0.112071E-002   0.616984E-001
 -0.787729   0.543513E+000   0.134535E-002  -0.126949E-002   0.693111E-001
 -0.626323   0.666834E+000   0.956597E-003  -0.127233E-002   0.689856E-001
 -0.470299   0.777636E+000   0.624233E-003  -0.116894E-002   0.630088E-001
 -0.315189   0.882286E+000   0.323852E-003  -0.935182E-003   0.501511E-001
 -0.158499   0.966372E+000   0.912430E-004  -0.534772E-003   0.285718E-001
  0.000000   0.100000E+001  -0.512491E-016   0.724251E-006  -0.274477E-004
  0.158540   0.966234E+000   0.906647E-004   0.536208E-003  -0.286276E-001
  0.315307   0.881995E+000   0.322949E-003   0.936450E-003  -0.502020E-001
  0.470443   0.777252E+000   0.623104E-003   0.116978E-002  -0.630422E-001
  0.626370   0.666478E+000   0.955086E-003   0.127269E-002  -0.689974E-001
  0.787488   0.543378E+000   0.134296E-002   0.126956E-002  -0.693109E-001
  0.960547   0.390564E+000   0.185398E-002   0.112146E-002  -0.617397E-001
  1.156626   0.207591E+000   0.249908E-002   0.723299E-003  -0.396736E-001
  1.395790   0.782001E-001   0.276964E-002   0.195124E-003  -0.692720E-002
  1.700747   0.566438E-001   0.182880E-002   0.139553E-003  -0.304986E-002
  2.009530   0.319104E-001   0.130850E-002   0.528081E-004  -0.183428E-003
  2.257640   0.286773E-001   0.858014E-003   0.515846E-004  -0.858062E-003
  2.464723   0.238707E-001   0.711605E-003   0.235209E-004  -0.338419E-003
  2.648631   0.235000E-001   0.616456E-003   0.180296E-004   0.732186E-004
  2.819130   0.233240E-001   0.523531E-003   0.189310E-004  -0.144859E-003
  2.982092   0.222548E-001   0.466057E-003   0.140602E-004  -0.288972E-003
  3.141612   0.212670E-001   0.437156E-003   0.843908E-005  -0.163128E-003
  3.301073   0.209808E-001   0.407831E-003   0.853580E-005   0.188858E-004
  3.463850   0.210429E-001   0.355798E-003   0.146230E-004  -0.615783E-005
  3.634000   0.203833E-001   0.282904E-003   0.203372E-004  -0.264405E-003
  3.817315   0.184031E-001   0.204646E-003   0.213783E-004  -0.395017E-003
  4.023403   0.165723E-001   0.616131E-004   0.319958E-004  -0.162220E-003
  4.269816   0.144609E-001  -0.300845E-003   0.537149E-004  -0.457354E-003
  4.576555   0.725303E-002  -0.631699E-003   0.283083E-004  -0.522186E-003
  4.883748   0.520433E-002  -0.778389E-003   0.138756E-004   0.104464E-004
  5.124722   0.490280E-002  -0.790822E-003   0.660406E-005  -0.494125E-005
  5.321827   0.452708E-002  -0.757888E-003   0.195182E-005  -0.364320E-004
  5.495457   0.427632E-002  -0.728794E-003  -0.241154E-006  -0.402097E-004
  5.656862   0.412157E-002  -0.707027E-003  -0.123172E-005  -0.331571E-004
  5.812887   0.402489E-002  -0.689601E-003  -0.158435E-005  -0.206695E-004
  5.967996   0.398522E-002  -0.676121E-003  -0.139381E-005  -0.384732E-005
  6.124687   0.402799E-002  -0.669894E-003  -0.651038E-006   0.141621E-004
  6.283185   0.416690E-002  -0.675082E-003   0.378270E-006   0.256943E-004
  6.441725   0.436342E-002  -0.690970E-003   0.110191E-005   0.236127E-004
  6.598492   0.454918E-002  -0.711170E-003   0.110225E-005   0.851940E-005
  6.753628   0.468439E-002  -0.729781E-003   0.413485E-006  -0.137820E-004
  6.909555   0.476634E-002  -0.744927E-003  -0.812139E-006  -0.396740E-004
  7.070673   0.479601E-002  -0.756723E-003  -0.269889E-005  -0.706411E-004
  7.243732   0.473146E-002  -0.762099E-003  -0.589047E-005  -0.112202E-003
  7.439811   0.439705E-002  -0.741722E-003  -0.116108E-004  -0.167265E-003
  7.678976   0.334143E-002  -0.626078E-003  -0.196460E-004  -0.205807E-003
  7.983932   0.142128E-002  -0.330246E-003  -0.195652E-004  -0.135963E-003
  8.292715   0.315932E-003  -0.971616E-004  -0.874760E-005  -0.397385E-004
  8.540825   0.692457E-004  -0.271814E-004  -0.306613E-005  -0.987855E-005
  8.747908   0.181499E-004  -0.874639E-005  -0.113165E-005  -0.273685E-005
  8.931816   0.556233E-005  -0.321192E-005  -0.456851E-006  -0.853188E-006
  9.102315   0.189403E-005  -0.129457E-005  -0.197857E-006  -0.287508E-006
  9.265277   0.679670E-006  -0.548952E-006  -0.889959E-007  -0.993555E-007
  9.424797   0.243423E-006  -0.234626E-006  -0.400620E-007  -0.329845E-007
  9.584259   0.817667E-007  -0.964989E-007  -0.172981E-007  -0.953956E-008
  9.747035   0.237120E-007  -0.361219E-007  -0.679642E-008  -0.193043E-008
  9.917185   0.518790E-008  -0.114181E-007  -0.226070E-008  -0.147700E-010
 10.100501   0.626664E-009  -0.272626E-008  -0.571117E-009   0.168666E-009
 10.306588  -0.124782E-010  -0.409903E-009  -0.916745E-010   0.584316E-010
 10.553001  -0.974684E-011  -0.284820E-010  -0.689165E-011   0.714345E-011
 10.859740  -0.484117E-012  -0.692808E-012  -0.183643E-012   0.271785E-012
 11.166934  -0.189587E-013  -0.193384E-013  -0.551698E-014   0.100462E-013
 11.407907  -0.229479E-014  -0.202280E-014  -0.601220E-015   0.120504E-014
 11.605012  -0.634281E-015  -0.519926E-015  -0.158131E-015   0.332878E-015
 11.778642  -0.271707E-015  -0.213382E-015  -0.658453E-016   0.142731E-015
 11.940048  -0.140882E-015  -0.107279E-015  -0.334664E-016   0.741034E-016
 12.096072  -0.753545E-016  -0.558140E-016  -0.175884E-016   0.397008E-016
 12.251181  -0.375700E-016  -0.270308E-016  -0.861198E-017   0.198371E-016
 12.407872  -0.166911E-016  -0.116333E-016  -0.375271E-017   0.883900E-017
 12.566371  -0.675407E-017  -0.455434E-017  -0.148904E-017   0.359006E-017
 12.724911  -0.269699E-017  -0.176262E-017  -0.583960E-018   0.143953E-017
 12.881678  -0.115695E-017  -0.735967E-018  -0.246731E-018   0.620065E-018
 13.036813  -0.549883E-018  -0.342031E-018  -0.115834E-018   0.295826E-018
 13.192740  -0.277737E-018  -0.169395E-018  -0.578931E-019   0.149955E-018
 13.353858  -0.133613E-018  -0.798723E-019  -0.275595E-019   0.724262E-019
 13.526918  -0.508019E-019  -0.296146E-019  -0.103449E-019   0.276858E-019
 13.722996  -0.111289E-019  -0.625428E-020  -0.222588E-020   0.611777E-020
 13.962161  -0.785276E-021  -0.416949E-021  -0.153033E-021   0.438459E-021
 14.267118  -0.783863E-023  -0.383445E-023  -0.147791E-023   0.449862E-023
 14.575901  -0.322775E-025  -0.146080E-025  -0.593159E-026   0.191321E-025
 14.824011  -0.376296E-027  -0.161730E-027  -0.682302E-028   0.228764E-027
 15.031093  -0.116826E-028  -0.484875E-029  -0.210313E-029   0.723928E-029
 15.215001  -0.689371E-030  -0.278876E-030  -0.123582E-030   0.433693E-030
 15.385500  -0.608337E-031  -0.241164E-031  -0.108770E-031   0.387595E-031
 15.548462  -0.676496E-032  -0.263642E-032  -0.120750E-032   0.435886E-032
 15.707982  -0.827660E-033  -0.317637E-033  -0.147568E-033   0.538927E-033
 15.867444  -0.985028E-034  -0.372528E-034  -0.175508E-034   0.648135E-034
 16.030221  -0.100172E-034  -0.373258E-035  -0.178434E-035   0.666404E-035
 16.200370  -0.743128E-036  -0.272548E-036  -0.132397E-036   0.500460E-036
 16.383686  -0.322996E-037  -0.116372E-037  -0.575939E-038   0.220669E-037
 16.589774  -0.586624E-039  -0.206986E-039  -0.104800E-039   0.407971E-039
 16.836186  -0.258653E-041  -0.889737E-042  -0.463806E-042   0.184084E-041
 17.142926  -0.187271E-044  -0.625364E-045  -0.338015E-045   0.137228E-044
 17.450119  -0.234064E-047  -0.763142E-048  -0.425539E-048   0.175948E-047
 17.691093  -0.386290E-049  -0.124282E-049  -0.705711E-050   0.294771E-049
 17.888197  -0.338934E-050  -0.108238E-050  -0.621054E-051   0.260891E-050
 18.061827  -0.697037E-051  -0.221558E-051  -0.127977E-051   0.539528E-051
 18.223233  -0.206998E-051  -0.655657E-052  -0.380641E-052   0.160902E-051
 18.379257  -0.656604E-052  -0.207301E-052  -0.120919E-052   0.512411E-052
 18.534367  -0.184747E-052  -0.581228E-053  -0.340787E-053   0.144803E-052
 18.691057  -0.426101E-053  -0.133522E-053  -0.787506E-054   0.335638E-053
 18.849556  -0.841297E-054  -0.262496E-054  -0.155821E-054   0.666300E-054
 19.008096  -0.164405E-054  -0.510810E-055  -0.305170E-055   0.130914E-054
 19.164863  -0.369085E-055  -0.114245E-055  -0.686482E-056   0.295341E-055
 19.319999  -0.100135E-055  -0.308957E-056  -0.186578E-056   0.804679E-056
 19.475926  -0.304243E-056  -0.936012E-057  -0.567810E-057   0.245428E-056
 19.637044  -0.854828E-057  -0.262199E-057  -0.159816E-057   0.692377E-057
 19.810103  -0.161302E-057  -0.492843E-058  -0.302262E-058   0.131339E-057
 20.006182  -0.120207E-058  -0.365141E-059  -0.226073E-059   0.986737E-059
 20.245346  -0.136819E-060  -0.411638E-061  -0.258943E-061   0.113853E-060
 20.550303  -0.668230E-064  -0.198049E-064  -0.127853E-064   0.568644E-064
 20.859086  -0.931388E-068  -0.271745E-068  -0.180495E-068   0.812486E-068
 21.107196  -0.803535E-071  -0.231809E-071  -0.157311E-071   0.714278E-071
 21.314278  -0.352988E-073  -0.101014E-073  -0.696481E-074   0.318199E-073
 21.498187  -0.442103E-075  -0.125739E-075  -0.877817E-076   0.402941E-075
 21.668686  -0.106256E-076  -0.300694E-077  -0.212104E-077   0.977355E-077
 21.831648  -0.372203E-078  -0.104875E-078  -0.746536E-079   0.345140E-078
 21.991168  -0.153585E-079  -0.431034E-080  -0.309446E-080   0.143500E-079
 22.150629  -0.618262E-081  -0.172843E-081  -0.125136E-081   0.582022E-081
 22.313406  -0.199918E-082  -0.556661E-083  -0.406592E-083   0.189691E-082
 22.483556  -0.411508E-084  -0.114083E-084  -0.841485E-085   0.393902E-084
 22.666871  -0.392613E-086  -0.108300E-086  -0.808059E-087   0.379711E-086
 22.872959  -0.107204E-088  -0.293933E-089  -0.222447E-089   0.105014E-088
 23.119372  -0.390966E-092  -0.106383E-092  -0.820047E-093   0.389394E-092
 23.426111  -0.114615E-096  -0.309002E-097  -0.243789E-097   0.116583E-096
 23.733304  -0.821234E-101  -0.219695E-101  -0.176883E-101   0.850914E-101
 23.974278  -0.245227E-103  -0.653126E-104  -0.532175E-104   0.256878E-103
 24.171382  -0.792910E-105  -0.210649E-105  -0.172831E-105   0.835858E-105
 24.345013  -0.857322E-106  -0.227397E-106  -0.187402E-106   0.907435E-106
 24.506418  -0.155898E-106  -0.413007E-107  -0.341515E-107   0.165520E-106
 24.662443  -0.311726E-107  -0.824901E-108  -0.684270E-108   0.331927E-107
 24.817552  -0.528306E-108  -0.139631E-108  -0.116228E-108   0.564331E-108
 24.974242  -0.680205E-109  -0.179529E-109  -0.150033E-109   0.729239E-109
 25.132741  -0.707798E-110  -0.186529E-110  -0.156561E-110   0.761852E-110
 25.291281  -0.729207E-111  -0.191884E-111  -0.161753E-111   0.788018E-111
 25.448048  -0.914744E-112  -0.240384E-112  -0.203432E-112   0.992082E-112
 25.603184  -0.149727E-112  -0.393011E-113  -0.333726E-113   0.162892E-112
 25.759111  -0.287431E-113  -0.753683E-114  -0.641956E-114   0.313589E-113
 25.920229  -0.496293E-114  -0.129993E-114  -0.111082E-114   0.543080E-114
 26.093288  -0.495842E-115  -0.129692E-115  -0.111294E-115   0.544700E-115
 26.289367  -0.138417E-116  -0.361265E-117  -0.312033E-117   0.152968E-116
 26.528532  -0.296602E-119  -0.771376E-120  -0.673584E-120   0.331110E-119
 26.833488  -0.896552E-124  -0.231844E-124  -0.206124E-124   0.101765E-123
 27.142271  -0.536351E-129  -0.137853E-129  -0.125033E-129   0.620189E-129
 27.390381  -0.404432E-133  -0.103481E-133  -0.952958E-134   0.474312E-133
 27.597464  -0.282548E-136  -0.720593E-137  -0.671152E-137   0.334884E-136
 27.781372  -0.820290E-139  -0.208674E-139  -0.196098E-139   0.980356E-139
 27.951871  -0.576482E-141  -0.146348E-141  -0.138555E-141   0.693779E-141
 28.114833  -0.676104E-143  -0.171328E-143  -0.163276E-143   0.818692E-143
 28.274353  -0.994832E-145  -0.251673E-145  -0.241327E-145   0.121160E-144
