 nmodes=            3  nfields=            2  max_plot=          289
 ky=   4.1863397542111609E-002   width=    1.000000000000000     
 theta     ((Re(field_i), Im(field_i),i=(1,nfields)),j=1,nmodes)
Tearing metric:  [   0.199707E+001   0.762764E-004   0.218908E-003   0.199634E+001 ]
DEP: [   0.864771E-003   0.686605E-003   0.106634E-003   0.000000E+000]
chi_th: [  -0.248470E+002   0.120883E+002  -0.146031E+001   0.000000E+000]
chi_i: [  -0.189396E+003   0.604916E+002  -0.482086E+001   0.000000E+000]
chi_i_cond: [  -0.105519E+003   0.184725E+002  -0.273755E+001   0.000000E+000]
chi_e: [   0.576351E+002   0.131810E+003   0.108699E+002   0.000000E+000]
chi_e_cond: [   0.229748E+002   0.830381E+001  -0.703171E+000   0.000000E+000]
i_QL_cond_flux: [  -0.625509E-004   0.109504E-004  -0.162280E-005   0.000000E+000]
e_QL_cond_flux: [   0.229748E-004   0.830381E-005  -0.703171E-006   0.000000E+000]
QL_ratio: [   0.620350E+002   0.330994E+003   0.620247E+003             NaN]
EP QL convective fraction: [   0.562238E+000   0.477911E+000   0.267272E+000             NaN]
<theta^2>: [   0.315192E+002   0.131225E+002   0.218449E+002   0.201493E+002]
 Mode kept T/F for each mode:    F  T  T  F
 Theta      Re(phi)        Im(phi)        Re(B_per)        Im(B_per)
-28.274335   0.271646E-143  -0.414853E-144  -0.416000E-144   0.924047E-143
-28.106223   0.485313E-141  -0.740963E-142  -0.737703E-142   0.163881E-140
-27.934964   0.892162E-139  -0.136175E-139  -0.134587E-139   0.299017E-138
-27.757086   0.181525E-136  -0.276989E-137  -0.271692E-137   0.603698E-136
-27.568512   0.445098E-134  -0.678963E-135  -0.660689E-135   0.146823E-133
-27.364550   0.144579E-131  -0.220469E-132  -0.212713E-132   0.472768E-131
-27.141196   0.664365E-129  -0.101271E-129  -0.968133E-130   0.215205E-128
-26.900046   0.394750E-126  -0.601488E-127  -0.569409E-127   0.126593E-125
-26.654296   0.209133E-123  -0.318529E-124  -0.298597E-124   0.663959E-123
-26.420748   0.656163E-121  -0.999004E-122  -0.927940E-122   0.206368E-120
-26.205753   0.109408E-118  -0.166512E-119  -0.153386E-119   0.341171E-118
-26.007137   0.107458E-116  -0.163490E-117  -0.149465E-117   0.332492E-116
-25.820665   0.715370E-115  -0.108804E-115  -0.987722E-116   0.219752E-114
-25.642572   0.362971E-113  -0.551894E-114  -0.497668E-114   0.110736E-112
-25.469947   0.153331E-111  -0.233069E-112  -0.208815E-112   0.464689E-111
-25.300584   0.575960E-110  -0.875224E-111  -0.779185E-111   0.173417E-109
-25.132741   0.202434E-108  -0.307525E-109  -0.272058E-109   0.605569E-108
-24.964904   0.695176E-107  -0.105575E-107  -0.928070E-108   0.206603E-106
-24.795557   0.243281E-105  -0.369350E-106  -0.322586E-106   0.718216E-105
-24.622962   0.909571E-104  -0.138046E-104  -0.119764E-104   0.266682E-103
-24.444916   0.385258E-102  -0.584507E-103  -0.503549E-103   0.112142E-101
-24.258513   0.199468E-100  -0.302515E-101  -0.258664E-101   0.576141E-100
-24.059991   0.139155E-098  -0.210956E-099  -0.178901E-099   0.398547E-098
-23.845121   0.146108E-096  -0.221391E-097  -0.186036E-097   0.414521E-096
-23.611714   0.247069E-094  -0.374169E-095  -0.311187E-095   0.693529E-094
-23.366009   0.595261E-092  -0.900937E-093  -0.740871E-093   0.165156E-091
-23.124742   0.141014E-089  -0.213291E-090  -0.173385E-090   0.386612E-089
-22.901238   0.240197E-087  -0.363084E-088  -0.291893E-088   0.651024E-087
-22.697159   0.277564E-085  -0.419316E-086  -0.333577E-086   0.744177E-085
-22.508500   0.233651E-083  -0.352771E-084  -0.277841E-084   0.619983E-083
-22.330564   0.156583E-081  -0.236275E-082  -0.184292E-082   0.411331E-081
-22.159273   0.900667E-080  -0.135827E-080  -0.104937E-080   0.234270E-079
-21.991150   0.472607E-078  -0.712308E-079  -0.545094E-079   0.121721E-077
-21.823037   0.238421E-076  -0.359129E-077  -0.272191E-077   0.607963E-076
-21.651779   0.121617E-074  -0.183074E-075  -0.137394E-075   0.306963E-074
-21.473900   0.662273E-073  -0.996274E-074  -0.740074E-074   0.165391E-072
-21.285326   0.409943E-071  -0.616245E-072  -0.452851E-072   0.101233E-070
-21.081365   0.309042E-069  -0.464200E-070  -0.337185E-070   0.754013E-069
-20.858011   0.297190E-067  -0.446008E-068  -0.319921E-068   0.715668E-067
-20.616861   0.339941E-065  -0.509680E-066  -0.360716E-066   0.807254E-065
-20.371110   0.350601E-063  -0.525145E-064  -0.366668E-064   0.820916E-063
-20.137563   0.241472E-061  -0.361343E-062  -0.249114E-062   0.557953E-061
-19.922568   0.102992E-059  -0.153983E-060  -0.104937E-060   0.235121E-059
-19.723951   0.294579E-058  -0.440062E-059  -0.296736E-059   0.665101E-058
-19.537480   0.627949E-057  -0.937337E-058  -0.625840E-058   0.140322E-056
-19.359387   0.108882E-055  -0.162405E-056  -0.107419E-056   0.240928E-055
-19.186762   0.163956E-054  -0.244368E-055  -0.160164E-055   0.359344E-054
-19.017399   0.225050E-053  -0.335172E-054  -0.217714E-054   0.488622E-053
-18.849556   0.292255E-052  -0.434930E-053  -0.279989E-053   0.628596E-052
-18.681718   0.370476E-051  -0.550907E-052  -0.351449E-052   0.789298E-051
-18.512372   0.472427E-050  -0.701938E-051  -0.443665E-051   0.996757E-050
-18.339777   0.626571E-049  -0.930168E-050  -0.582295E-050   0.130870E-048
-18.161730   0.900484E-048  -0.133557E-048  -0.827655E-049   0.186090E-047
-17.975327   0.147817E-046  -0.219017E-047  -0.134256E-047   0.301996E-046
-17.776806   0.296295E-045  -0.438516E-046  -0.265611E-046   0.597766E-045
-17.561936   0.781430E-044  -0.115501E-044  -0.690264E-045   0.155436E-043
-17.328529   0.282997E-042  -0.417659E-043  -0.245837E-043   0.553959E-042
-17.082824   0.128481E-040  -0.189294E-041  -0.109569E-041   0.247088E-040
-16.841556   0.563267E-039  -0.828369E-040  -0.471288E-040   0.106368E-038
-16.618053   0.192297E-037  -0.282289E-038  -0.157940E-038   0.356761E-037
-16.413974   0.492993E-036  -0.722420E-037  -0.397799E-037   0.899299E-036
-16.225314   0.999952E-035  -0.146273E-035  -0.793200E-036   0.179464E-034
-16.047379   0.170878E-033  -0.249522E-034  -0.133300E-034   0.301843E-033
-15.876087   0.259254E-032  -0.377893E-033  -0.198908E-033   0.450785E-032
-15.707964   0.364107E-031  -0.529749E-032  -0.274715E-032   0.623130E-031
-15.539852   0.490331E-030  -0.712021E-031  -0.363675E-031   0.825674E-030
-15.368593   0.654394E-029  -0.948320E-030  -0.476837E-030   0.108366E-028
-15.190715   0.896041E-028  -0.129565E-028  -0.640870E-029   0.145799E-027
-15.002141   0.130890E-026  -0.188808E-027  -0.917700E-028   0.209024E-026
-14.798180   0.212642E-025  -0.305908E-026  -0.145890E-026   0.332735E-025
-14.574826   0.394035E-024  -0.565133E-025  -0.263961E-025   0.602938E-024
-14.333675   0.792478E-023  -0.113271E-023  -0.517275E-024   0.118360E-022
-14.087925   0.144831E-021  -0.206262E-022  -0.920504E-023   0.211014E-021
-13.854378   0.199936E-020  -0.283723E-021  -0.123872E-021   0.284487E-020
-13.639383   0.200354E-019  -0.283349E-020  -0.121228E-020   0.278912E-019
-13.440766   0.154086E-018  -0.217207E-019  -0.911995E-020   0.210187E-018
-13.254295   0.974659E-018  -0.136958E-018  -0.564929E-019   0.130420E-017
-13.076202   0.536299E-017  -0.751249E-018  -0.304614E-018   0.704429E-017
-12.903577   0.267504E-016  -0.373543E-017  -0.148935E-017   0.345013E-016
-12.734213   0.124634E-015  -0.173479E-016  -0.680162E-017   0.157843E-015
-12.566371   0.554726E-015  -0.769563E-016  -0.296642E-016   0.689696E-015
-12.398533   0.240224E-014  -0.332098E-015  -0.125805E-015   0.293079E-014
-12.229186   0.102948E-013  -0.141793E-014  -0.527525E-015   0.123157E-013
-12.056591   0.444573E-013  -0.609877E-014  -0.222625E-014   0.520959E-013
-11.878545   0.197665E-012  -0.269973E-013  -0.965610E-014   0.226549E-012
-11.692142   0.929312E-012  -0.126301E-012  -0.441768E-013   0.103956E-011
-11.493620   0.477237E-011  -0.644911E-012  -0.219992E-012   0.519495E-011
-11.278751   0.276898E-010  -0.371659E-011  -0.123174E-011   0.292106E-010
-11.045344   0.183894E-009  -0.244817E-010  -0.784482E-011   0.187022E-009
-10.799638   0.131746E-008  -0.173702E-009  -0.535579E-010   0.128509E-008
-10.558371   0.883895E-008  -0.115288E-008  -0.341067E-009   0.824490E-008
-10.334868   0.499185E-007  -0.643755E-008  -0.182607E-008   0.445045E-007
-10.130788   0.234741E-006  -0.299205E-007  -0.813730E-008   0.200067E-006
 -9.942129   0.948903E-006  -0.119489E-006  -0.311410E-007   0.772969E-006
 -9.764193   0.341197E-005  -0.424189E-006  -0.105800E-006   0.265383E-005
 -9.592902   0.112072E-004  -0.137441E-005  -0.327323E-006   0.830794E-005
 -9.424779   0.342901E-004  -0.414332E-005  -0.939042E-006   0.241594E-004
 -9.256667   0.991625E-004  -0.117877E-004  -0.253042E-005   0.661451E-004
 -9.085408   0.274176E-003  -0.320012E-004  -0.646374E-005   0.172227E-003
 -8.907530   0.731816E-003  -0.836507E-004  -0.157497E-004   0.429749E-003
 -8.718956   0.190079E-002  -0.212047E-003  -0.367061E-004   0.103284E-002
 -8.514995   0.482540E-002  -0.522904E-003  -0.814881E-004   0.239089E-002
 -8.291640   0.118943E-001  -0.124438E-002  -0.168888E-003   0.526374E-002
 -8.050490   0.275527E-001  -0.276425E-002  -0.310385E-003   0.106045E-001
 -7.804740   0.565228E-001  -0.541391E-002  -0.466994E-003   0.184134E-001
 -7.571192   0.989178E-001  -0.905199E-002  -0.537802E-003   0.266813E-001
 -7.356197   0.149680E+000  -0.131590E-001  -0.437388E-003   0.327815E-001
 -7.157581   0.202436E+000  -0.172605E-001  -0.151784E-003   0.351945E-001
 -6.971109   0.251846E+000  -0.211105E-001   0.268615E-003   0.337753E-001
 -6.793016   0.294231E+000  -0.246894E-001   0.734313E-003   0.293957E-001
 -6.620392   0.327663E+000  -0.281451E-001   0.114236E-002   0.235078E-001
 -6.451028   0.351910E+000  -0.317057E-001   0.140229E-002   0.176967E-001
 -6.283185   0.368205E+000  -0.355662E-001   0.146141E-002   0.132226E-001
 -6.115348   0.378741E+000  -0.397635E-001   0.132355E-002   0.106334E-001
 -5.946001   0.385923E+000  -0.440757E-001   0.105207E-002   0.959355E-002
 -5.773406   0.391555E+000  -0.480002E-001   0.749969E-003   0.906905E-002
 -5.595360   0.396317E+000  -0.508667E-001   0.516365E-003   0.791432E-002
 -5.408957   0.399893E+000  -0.521294E-001   0.388814E-003   0.573422E-002
 -5.210435   0.402076E+000  -0.518369E-001   0.299517E-003   0.358461E-002
 -4.995566   0.404593E+000  -0.510509E-001   0.110659E-003   0.349194E-002
 -4.762158   0.411274E+000  -0.513741E-001  -0.193923E-003   0.565583E-002
 -4.516453   0.422682E+000  -0.528583E-001  -0.364958E-003   0.659515E-002
 -4.275186   0.433911E+000  -0.538303E-001  -0.349673E-003   0.603040E-002
 -4.051682   0.446091E+000  -0.545826E-001  -0.505920E-003   0.849307E-002
 -3.847603   0.464216E+000  -0.561838E-001  -0.885406E-003   0.126619E-001
 -3.658944   0.486457E+000  -0.576888E-001  -0.123918E-002   0.142062E-001
 -3.481008   0.508081E+000  -0.577388E-001  -0.148595E-002   0.136631E-001
 -3.309717   0.528863E+000  -0.565772E-001  -0.170946E-002   0.144820E-001
 -3.141594   0.551987E+000  -0.555199E-001  -0.188889E-002   0.170151E-001
 -2.973481   0.578088E+000  -0.552154E-001  -0.187423E-002   0.181635E-001
 -2.802223   0.604037E+000  -0.552077E-001  -0.164641E-002   0.166657E-001
 -2.624344   0.628489E+000  -0.551914E-001  -0.144170E-002   0.155757E-001
 -2.435770   0.655426E+000  -0.558046E-001  -0.147476E-002   0.171646E-001
 -2.231809   0.688218E+000  -0.572818E-001  -0.165755E-002   0.181285E-001
 -2.008455   0.723207E+000  -0.581233E-001  -0.192758E-002   0.161124E-001
 -1.767305   0.758497E+000  -0.573048E-001  -0.261554E-002   0.163620E-001
 -1.521554   0.798223E+000  -0.556141E-001  -0.365294E-002   0.181883E-001
 -1.288007   0.837300E+000  -0.523562E-001  -0.464133E-002   0.163703E-001
 -1.073012   0.871695E+000  -0.467927E-001  -0.580433E-002   0.153241E-001
 -0.874395   0.905166E+000  -0.394591E-001  -0.716323E-002   0.169509E-001
 -0.687924   0.938314E+000  -0.306360E-001  -0.811457E-002   0.172078E-001
 -0.509831   0.966753E+000  -0.205673E-001  -0.796315E-002   0.136399E-001
 -0.337206   0.986442E+000  -0.105252E-001  -0.638894E-002   0.797691E-002
 -0.167843   0.996896E+000  -0.287948E-002  -0.355606E-002   0.315981E-002
  0.000000   0.100000E+001   0.152227E-015  -0.325714E-007  -0.159453E-005
  0.167837   0.996895E+000  -0.287931E-002   0.355591E-002  -0.316269E-002
  0.337184   0.986438E+000  -0.105235E-001   0.638861E-002  -0.797871E-002
  0.509779   0.966750E+000  -0.205627E-001   0.796284E-002  -0.136403E-001
  0.687826   0.938317E+000  -0.306286E-001   0.811475E-002  -0.172084E-001
  0.874229   0.905182E+000  -0.394500E-001   0.716425E-002  -0.169536E-001
  1.072750   0.871727E+000  -0.467822E-001   0.580592E-002  -0.153257E-001
  1.287620   0.837351E+000  -0.523455E-001   0.464299E-002  -0.163659E-001
  1.521027   0.798298E+000  -0.556058E-001   0.365511E-002  -0.181883E-001
  1.766732   0.758573E+000  -0.572987E-001   0.261775E-002  -0.163679E-001
  2.008000   0.723266E+000  -0.581200E-001   0.192840E-002  -0.161085E-001
  2.231503   0.688256E+000  -0.572800E-001   0.165783E-002  -0.181273E-001
  2.435582   0.655441E+000  -0.558020E-001   0.147490E-002  -0.171671E-001
  2.624242   0.628490E+000  -0.551883E-001   0.144163E-002  -0.155760E-001
  2.802177   0.604028E+000  -0.552041E-001   0.164632E-002  -0.166651E-001
  2.973469   0.578071E+000  -0.552111E-001   0.187420E-002  -0.181635E-001
  3.141592   0.551969E+000  -0.555160E-001   0.188886E-002  -0.170153E-001
  3.309704   0.528850E+000  -0.565739E-001   0.170944E-002  -0.144824E-001
  3.480963   0.508071E+000  -0.577350E-001   0.148596E-002  -0.136632E-001
  3.658841   0.486452E+000  -0.576848E-001   0.123929E-002  -0.142064E-001
  3.847415   0.464218E+000  -0.561810E-001   0.885774E-003  -0.126656E-001
  4.051376   0.446098E+000  -0.545806E-001   0.506347E-003  -0.850002E-002
  4.274730   0.433918E+000  -0.538278E-001   0.349639E-003  -0.603159E-002
  4.515880   0.422690E+000  -0.528566E-001   0.364973E-003  -0.659418E-002
  4.761631   0.411274E+000  -0.513710E-001   0.194542E-003  -0.566136E-002
  4.995178   0.404582E+000  -0.510454E-001  -0.110183E-003  -0.349497E-002
  5.210173   0.402061E+000  -0.518316E-001  -0.299367E-003  -0.358316E-002
  5.408790   0.399874E+000  -0.521249E-001  -0.388741E-003  -0.573238E-002
  5.595261   0.396293E+000  -0.508620E-001  -0.516267E-003  -0.791371E-002
  5.773354   0.391528E+000  -0.479949E-001  -0.749869E-003  -0.906922E-002
  5.945979   0.385897E+000  -0.440700E-001  -0.105198E-002  -0.959393E-002
  6.115343   0.378717E+000  -0.397580E-001  -0.132346E-002  -0.106339E-001
  6.283185   0.368183E+000  -0.355613E-001  -0.146129E-002  -0.132232E-001
  6.451023   0.351888E+000  -0.317013E-001  -0.140215E-002  -0.176971E-001
  6.620370   0.327641E+000  -0.281410E-001  -0.114225E-002  -0.235075E-001
  6.792965   0.294213E+000  -0.246856E-001  -0.734300E-003  -0.293943E-001
  6.971011   0.251838E+000  -0.211072E-001  -0.268742E-003  -0.337736E-001
  7.157414   0.202446E+000  -0.172584E-001   0.151552E-003  -0.351947E-001
  7.355936   0.149716E+000  -0.131590E-001   0.437191E-003  -0.327872E-001
  7.570805   0.989766E-001  -0.905451E-002   0.537831E-003  -0.266950E-001
  7.804212   0.565850E-001  -0.541779E-002   0.467318E-003  -0.184327E-001
  8.049917   0.275935E-001  -0.276716E-002   0.310789E-003  -0.106208E-001
  8.291185   0.119103E-001  -0.124553E-002   0.169137E-003  -0.527214E-002
  8.514688   0.482964E-002  -0.523142E-003   0.815901E-004  -0.239401E-002
  8.718768   0.190145E-002  -0.212030E-003   0.367390E-004  -0.103379E-002
  8.907427   0.731718E-003  -0.836038E-004   0.157583E-004  -0.429982E-003
  9.085362   0.274035E-003  -0.319708E-004   0.646541E-005  -0.172270E-003
  9.256654   0.990853E-004  -0.117734E-004   0.253059E-005  -0.661488E-004
  9.424777   0.342590E-004  -0.413769E-005   0.939042E-006  -0.241591E-004
  9.592889   0.111973E-004  -0.137257E-005   0.327348E-006  -0.830848E-005
  9.764148   0.340968E-005  -0.423702E-006   0.105834E-006  -0.265467E-005
  9.942026   0.948675E-006  -0.119401E-006   0.311657E-007  -0.773578E-006
 10.130600   0.234849E-006  -0.299189E-007   0.814968E-008  -0.200372E-006
 10.334561   0.499912E-007  -0.644353E-008   0.183072E-008  -0.446182E-007
 10.557916   0.886240E-008  -0.115531E-008   0.342357E-009  -0.827616E-008
 10.799066   0.132205E-008  -0.174211E-009   0.538080E-010  -0.129111E-008
 11.044816   0.184466E-009  -0.245440E-010   0.787914E-011  -0.187842E-009
 11.278364   0.277438E-010  -0.372174E-011   0.123581E-011  -0.293072E-010
 11.493359   0.477621E-011  -0.645063E-012   0.220483E-012  -0.520654E-011
 11.691975   0.929230E-012  -0.126217E-012   0.442387E-013  -0.104101E-011
 11.878446   0.197521E-012  -0.269620E-013   0.966391E-014  -0.226732E-012
 12.056539   0.444053E-013  -0.608809E-014   0.222717E-014  -0.521172E-013
 12.229164   0.102798E-013  -0.141503E-014   0.527612E-015  -0.123176E-013
 12.398528   0.239833E-014  -0.331360E-015   0.125809E-015  -0.293086E-014
 12.566371   0.553783E-015  -0.767794E-016   0.296640E-016  -0.689689E-015
 12.734208   0.124422E-015  -0.173080E-016   0.680184E-017  -0.157848E-015
 12.903555   0.267081E-016  -0.372723E-017   0.148962E-017  -0.345073E-016
 13.076150   0.535587E-017  -0.749786E-018   0.304756E-018  -0.704754E-017
 13.254196   0.973806E-018  -0.136752E-018   0.565465E-019  -0.130543E-017
 13.440599   0.154065E-018  -0.217038E-019   0.913561E-020  -0.210547E-018
 13.639121   0.200551E-019  -0.283445E-020   0.121576E-020  -0.279713E-019
 13.853990   0.200450E-020  -0.284267E-021   0.124429E-021  -0.285766E-020
 14.087398   0.145466E-021  -0.207027E-022   0.926341E-023  -0.212352E-021
 14.333103   0.796633E-023  -0.113788E-023   0.521028E-024  -0.119218E-022
 14.574370   0.395705E-024  -0.567140E-025   0.265628E-025  -0.606746E-024
 14.797874   0.213158E-025  -0.306439E-026   0.146557E-026  -0.334255E-025
 15.001953   0.130985E-026  -0.188813E-027   0.920381E-028  -0.209634E-026
 15.190612   0.895482E-028  -0.129393E-028   0.641912E-029  -0.146036E-027
 15.368548   0.653359E-029  -0.946146E-030   0.477178E-030  -0.108443E-028
 15.539839   0.489269E-030  -0.709968E-031   0.363739E-031  -0.825817E-030
 15.707962   0.363238E-031  -0.528101E-032   0.274714E-032  -0.623125E-031
 15.876074   0.258674E-032  -0.376770E-033   0.198944E-033  -0.450866E-032
 16.047333   0.170589E-033  -0.248913E-034   0.133402E-034  -0.302073E-033
 16.225212   0.999252E-035  -0.146061E-035   0.794625E-036  -0.179786E-034
 16.413785   0.493391E-036  -0.722453E-037   0.399129E-037  -0.902304E-036
 16.617747   0.192846E-037  -0.282877E-038   0.158798E-038  -0.358699E-037
 16.841101   0.566196E-039  -0.832025E-040   0.474973E-040  -0.107200E-038
 17.082251   0.129343E-040  -0.190413E-041   0.110596E-041  -0.249406E-040
 17.328002   0.284649E-042  -0.419760E-043   0.247941E-043  -0.558701E-042
 17.561549   0.784197E-044  -0.115816E-044   0.694623E-045  -0.156418E-043
 17.776544   0.296700E-045  -0.438757E-046   0.266724E-046  -0.600269E-045
 17.975161   0.147777E-046  -0.218777E-047   0.134603E-047  -0.302777E-046
 18.161632   0.899206E-048  -0.133257E-048   0.828878E-049  -0.186365E-047
 18.339725   0.625203E-049  -0.927360E-050   0.582730E-050  -0.130968E-048
 18.512350   0.471168E-050  -0.699477E-051   0.443797E-051  -0.997051E-050
 18.681713   0.369390E-051  -0.548825E-052   0.351470E-052  -0.789344E-051
 18.849556   0.291370E-052  -0.433243E-053   0.279987E-053  -0.628591E-052
 19.017393   0.224377E-053  -0.333882E-054   0.217727E-054  -0.488650E-053
 19.186740   0.163502E-054  -0.243479E-055   0.160214E-055  -0.359455E-054
 19.359335   0.108630E-055  -0.161887E-056   0.107504E-056  -0.241119E-055
 19.537382   0.626980E-057  -0.935066E-058   0.626842E-058  -0.140547E-056
 19.723785   0.294487E-058  -0.439533E-059   0.297586E-059  -0.667004E-058
 19.922306   0.103150E-059  -0.154081E-060   0.105435E-060  -0.236236E-059
 20.137176   0.242461E-061  -0.362495E-062   0.250944E-062  -0.562053E-061
 20.370583   0.353042E-063  -0.528317E-064   0.370431E-064  -0.829339E-063
 20.616288   0.342750E-065  -0.513416E-066   0.364905E-066  -0.816626E-065
 20.857555   0.299151E-067  -0.448532E-068   0.323120E-068  -0.722824E-067
 21.081059   0.310191E-069  -0.465487E-070   0.339601E-070  -0.759414E-069
 21.285138   0.410375E-071  -0.616306E-072   0.454907E-072  -0.101693E-070
 21.473798   0.661599E-073  -0.994303E-074   0.741930E-074  -0.165806E-072
 21.651733   0.121317E-074  -0.182445E-075   0.137545E-075  -0.307300E-074
 21.823025   0.237627E-076  -0.357583E-077   0.272265E-077  -0.608126E-076
 21.991147   0.470886E-078  -0.709015E-079   0.545092E-079  -0.121721E-077
 22.159260   0.897605E-080  -0.135231E-080   0.104966E-080  -0.234335E-079
 22.330519   0.156180E-081  -0.235432E-082   0.184502E-082  -0.411801E-081
 22.508397   0.233397E-083  -0.352032E-084   0.278582E-084  -0.621636E-083
 22.696971   0.277879E-085  -0.419365E-086   0.335223E-086  -0.747847E-085
 22.900932   0.241187E-087  -0.364206E-088   0.294219E-088  -0.656209E-087
 23.124286   0.142072E-089  -0.214669E-090   0.175362E-090  -0.391019E-089
 23.365436   0.601001E-092  -0.908670E-093   0.750941E-093  -0.167400E-091
 23.611187   0.249127E-094  -0.376887E-095   0.315023E-095  -0.702078E-094
 23.844734   0.146840E-096  -0.222262E-097   0.187718E-097  -0.418268E-096
 24.059729   0.139419E-098  -0.211129E-099   0.179969E-099  -0.400924E-098
 24.258346   0.199382E-100  -0.302058E-101   0.259614E-101  -0.578255E-100
 24.444817   0.384473E-102  -0.582679E-103   0.504601E-103  -0.112376E-101
 24.622910   0.906749E-104  -0.137467E-104   0.119890E-104  -0.266962E-103
 24.795535   0.242365E-105  -0.367554E-106   0.322721E-106  -0.718517E-105
 24.964898   0.692308E-107  -0.105023E-107   0.928150E-108  -0.206620E-106
 25.132741   0.201575E-108  -0.305879E-109   0.272057E-109  -0.605566E-108
 25.300579   0.573552E-110  -0.870587E-111   0.779253E-111  -0.173432E-109
 25.469926   0.152738E-111  -0.231906E-112   0.208905E-112  -0.464888E-111
 25.642521   0.361798E-113  -0.549487E-114   0.498214E-114  -0.110858E-112
 25.820567   0.713828E-115  -0.108446E-115   0.989901E-116  -0.220236E-114
 26.006970   0.107408E-116  -0.163226E-117   0.150053E-117  -0.333800E-116
 26.205492   0.109633E-118  -0.166662E-119   0.154383E-119  -0.343389E-118
 26.420361   0.659801E-121  -0.100337E-121   0.937249E-122  -0.208439E-120
 26.653768   0.211102E-123  -0.321151E-124   0.302765E-124  -0.673228E-123
 26.899473   0.399147E-126  -0.607468E-127   0.578369E-127  -0.128585E-125
 27.140741   0.670248E-129  -0.102046E-129   0.981197E-130  -0.218109E-128
 27.364244   0.145295E-131  -0.221295E-132   0.214761E-132  -0.477320E-131
 27.568324   0.445712E-134  -0.679073E-135   0.664706E-135  -0.147715E-133
 27.756983   0.181274E-136  -0.276267E-137   0.272602E-137  -0.605719E-136
 27.934918   0.889216E-139  -0.135558E-139   0.134784E-139  -0.299454E-138
 28.106210   0.483160E-141  -0.736762E-142   0.737969E-142  -0.163940E-140
 28.274333   0.270332E-143  -0.412332E-144   0.415999E-144  -0.924043E-143
