 nmodes=            4  nfields=            2  max_plot=          289
 ky=   3.5688865381607461E-002   width=    1.000000000000000     
 theta     ((Re(field_i), Im(field_i),i=(1,nfields)),j=1,nmodes)
Tearing metric:  [   0.144433E-003   0.206238E-003   0.199648E+001   0.199793E+001 ]
DEP: [   0.846925E-003   0.101264E-003   0.791566E-003   0.434448E-002]
chi_th: [  -0.820810E+002  -0.858624E+001  -0.134192E+003   0.454633E+004]
chi_i: [  -0.284587E+003  -0.392802E+002  -0.624076E+003   0.714528E+004]
chi_i_cond: [  -0.194280E+003  -0.249469E+002  -0.401809E+003   0.115132E+005]
chi_e: [   0.177086E+003   0.213041E+002   0.929125E+002  -0.157292E+004]
chi_e_cond: [  -0.172621E+002   0.865591E+000   0.204140E+002   0.521467E+003]
i_QL_cond_flux: [  -0.112238E-003  -0.144122E-004  -0.232132E-003   0.665135E-002]
e_QL_cond_flux: [  -0.172621E-004   0.865591E-006   0.204140E-004   0.521467E-003]
QL_ratio: [   0.599420E+002   0.999008E+002   0.193877E+002   0.999703E+001]
EP QL convective fraction: [   0.613343E+000   0.342677E+000   0.856957E+000   0.318337E+000]
<theta^2>: [   0.848368E+001   0.191925E+002   0.289632E+002   0.380300E+002]
 Mode kept T/F for each mode:    F  T  F  F
 Theta      Re(phi)        Im(phi)        Re(B_per)        Im(B_per)
-28.274335  -0.737641E-143   0.181481E-144   0.553057E-144  -0.219815E-142
-28.106856  -0.141453E-140   0.347781E-142   0.105290E-141  -0.418406E-140
-27.936303  -0.276148E-138   0.678480E-140   0.204036E-139  -0.810664E-138
-27.759306  -0.584144E-136   0.143417E-137   0.428327E-137  -0.170148E-135
-27.571959  -0.143965E-133   0.353187E-135   0.104726E-134  -0.415928E-133
-27.369829  -0.448002E-131   0.109817E-132   0.323152E-132  -0.128315E-130
-27.149095  -0.186404E-128   0.456515E-130   0.133247E-129  -0.528965E-128
-26.910698  -0.970975E-126   0.237568E-127   0.687478E-127  -0.272847E-125
-26.665802  -0.469283E-123   0.114705E-124   0.329079E-124  -0.130571E-122
-26.430367  -0.145637E-120   0.355634E-122   0.101199E-121  -0.401434E-120
-26.212189  -0.253024E-118   0.617315E-120   0.174357E-119  -0.691475E-118
-26.010509  -0.262811E-116   0.640660E-118   0.179721E-117  -0.712595E-116
-25.821741  -0.183880E-114   0.447899E-116   0.124855E-115  -0.494950E-114
-25.642294  -0.965685E-113   0.235047E-114   0.651310E-114  -0.258141E-112
-25.469195  -0.415047E-111   0.100948E-112   0.278125E-112  -0.110211E-110
-25.300027  -0.156388E-109   0.380094E-111   0.104135E-110  -0.412574E-109
-25.132741  -0.547014E-108   0.132853E-109   0.361964E-109  -0.143379E-107
-24.965462  -0.186952E-106   0.453710E-108   0.122928E-107  -0.486841E-106
-24.796313  -0.656200E-105   0.159130E-106   0.428700E-106  -0.169747E-104
-24.623248  -0.249414E-103   0.604349E-105   0.161857E-104  -0.640751E-103
-24.443852  -0.109104E-101   0.264139E-103   0.703051E-103  -0.278258E-101
-24.255156  -0.591200E-100   0.142995E-101   0.378089E-101  -0.149606E-099
-24.053573  -0.433466E-098   0.104734E-099   0.274928E-099  -0.108756E-097
-23.835517  -0.471113E-096   0.113697E-097   0.296067E-097  -0.117083E-095
-23.600204  -0.786420E-094   0.189538E-095   0.489176E-095  -0.193382E-093
-23.355325  -0.174442E-091   0.419812E-093   0.107313E-092  -0.424068E-091
-23.116811  -0.368908E-089   0.886455E-091   0.224408E-090  -0.886436E-089
-22.895939  -0.578721E-087   0.138852E-088   0.348234E-088  -0.137502E-086
-22.693699  -0.646855E-085   0.154971E-086   0.385219E-086  -0.152047E-084
-22.506273  -0.547921E-083   0.131079E-084   0.323063E-084  -0.127466E-082
-22.329222  -0.379312E-081   0.906126E-083   0.221486E-082  -0.873555E-081
-22.158639  -0.228843E-079   0.545884E-081   0.132348E-080  -0.521793E-079
-21.991150  -0.126763E-077   0.301938E-079   0.726122E-079  -0.286169E-077
-21.823671  -0.674354E-076   0.160381E-077   0.382555E-077  -0.150708E-075
-21.653118  -0.359716E-074   0.854158E-076   0.202052E-075  -0.795657E-074
-21.476121  -0.201545E-072   0.477776E-074   0.112054E-073  -0.441061E-072
-21.288774  -0.125126E-070   0.296090E-072   0.688232E-072  -0.270773E-070
-21.086644  -0.912714E-069   0.215560E-070   0.496315E-070  -0.195168E-068
-20.865910  -0.814495E-067   0.191952E-068   0.437499E-068  -0.171944E-066
-20.627513  -0.844528E-065   0.198567E-066   0.447754E-066  -0.175868E-064
-20.382616  -0.813681E-063   0.190851E-064   0.425741E-064  -0.167117E-062
-20.147181  -0.555867E-061   0.130072E-062   0.287217E-062  -0.112673E-060
-19.929003  -0.244313E-059   0.570419E-061   0.124789E-060  -0.489251E-059
-19.727324  -0.727773E-058   0.169564E-059   0.367806E-059  -0.144125E-057
-19.538556  -0.160805E-056   0.373916E-058   0.804690E-058  -0.315157E-056
-19.359109  -0.285764E-055   0.663201E-057   0.141664E-056  -0.554551E-055
-19.186010  -0.435510E-054   0.100882E-055   0.213950E-055  -0.837110E-054
-19.016841  -0.598815E-053   0.138447E-054   0.291571E-054  -0.114025E-052
-18.849556  -0.774527E-052   0.178728E-053   0.373801E-053  -0.146111E-051
-18.682277  -0.977932E-051   0.225220E-052   0.467764E-052  -0.182746E-050
-18.513128  -0.124901E-049   0.287057E-051   0.591974E-051  -0.231150E-049
-18.340062  -0.167510E-048   0.384145E-050   0.786387E-050  -0.306890E-048
-18.160667  -0.246147E-047   0.563150E-049   0.114395E-048  -0.446162E-047
-17.971970  -0.416936E-046   0.951416E-048   0.191674E-047  -0.747063E-046
-17.770387  -0.864598E-045   0.196720E-046   0.392754E-046  -0.152965E-044
-17.552331  -0.233285E-043   0.529013E-045   0.104568E-044  -0.406908E-043
-17.317018  -0.835797E-042   0.188801E-043   0.369077E-043  -0.143479E-041
-17.072140  -0.357632E-040   0.804374E-042   0.155380E-041  -0.603375E-040
-16.833625  -0.144751E-038   0.324082E-040   0.618539E-040  -0.239914E-038
-16.612754  -0.466521E-037   0.103969E-038   0.196154E-038  -0.759939E-037
-16.410514  -0.116822E-035   0.259161E-037   0.483620E-037  -0.187148E-035
-16.223088  -0.237779E-034   0.525093E-036   0.969667E-036  -0.374803E-034
-16.046037  -0.414986E-033   0.912195E-035   0.166752E-034  -0.643796E-033
-15.875453  -0.649417E-032   0.142076E-033   0.257150E-033  -0.991628E-032
-15.707964  -0.944398E-031   0.205597E-032   0.368471E-032  -0.141916E-030
-15.540486  -0.131525E-029   0.284859E-031   0.505507E-031  -0.194446E-029
-15.369933  -0.180439E-028   0.388661E-030   0.682852E-030  -0.262305E-028
-15.192936  -0.251161E-027   0.537813E-029   0.935279E-029  -0.358747E-027
-15.005589  -0.366680E-026   0.780117E-028   0.134234E-027  -0.514064E-026
-14.803458  -0.581613E-025   0.122852E-026   0.209048E-026  -0.799164E-025
-14.582725  -0.102468E-023   0.214687E-025   0.361044E-025  -0.137749E-023
-14.344328  -0.193176E-022   0.401068E-024   0.666266E-024  -0.253639E-022
-14.099431  -0.337571E-021   0.694051E-023   0.113907E-022  -0.432609E-021
-13.863996  -0.462763E-020   0.942146E-022   0.152892E-021  -0.579308E-020
-13.645818  -0.471426E-019   0.950674E-021   0.152729E-020  -0.577374E-019
-13.444139  -0.370841E-018   0.740974E-020   0.117971E-019  -0.445003E-018
-13.255371  -0.239149E-017   0.473551E-019   0.747800E-019  -0.281483E-017
-13.075924  -0.133210E-016   0.261421E-018   0.409718E-018  -0.153901E-016
-12.902824  -0.667474E-016   0.129810E-017   0.202016E-017  -0.757229E-016
-12.733656  -0.310466E-015   0.598214E-017   0.924749E-017  -0.345887E-015
-12.566371  -0.137480E-014   0.262353E-016   0.402959E-016  -0.150386E-014
-12.399092  -0.592270E-014   0.111874E-015   0.170766E-015  -0.635823E-014
-12.229943  -0.253257E-013   0.473161E-015   0.717857E-015  -0.266621E-013
-12.056877  -0.109683E-012   0.202480E-014   0.305362E-014  -0.113110E-012
-11.877481  -0.491846E-012   0.895919E-014   0.134318E-013  -0.496054E-012
-11.688785  -0.234200E-011   0.420148E-013   0.626231E-013  -0.230498E-011
-11.487202  -0.121832E-010   0.214690E-012   0.318173E-012  -0.116655E-010
-11.269146  -0.710637E-010   0.122564E-011   0.180661E-011  -0.659315E-010
-11.033833  -0.465343E-009   0.781804E-011   0.114701E-010  -0.416280E-009
-10.788955  -0.320306E-008   0.521488E-010   0.762687E-010  -0.275001E-008
-10.550440  -0.204447E-007   0.321172E-009   0.469367E-009  -0.168017E-007
-10.329569  -0.111202E-006   0.168020E-008   0.246070E-008  -0.874104E-007
-10.127329  -0.512273E-006   0.742211E-008   0.109273E-007  -0.385053E-006
 -9.939902  -0.205384E-005   0.284286E-007   0.422218E-007  -0.147521E-005
 -9.762852  -0.737558E-005   0.970537E-007   0.146006E-006  -0.505519E-005
 -9.592268  -0.242606E-004   0.301505E-006   0.461786E-006  -0.158312E-004
 -9.424779  -0.742911E-004   0.864339E-006   0.135674E-005  -0.460073E-004
 -9.257300  -0.214329E-003   0.230651E-005   0.374417E-005  -0.125418E-003
 -9.086747  -0.587890E-003   0.575319E-005   0.978383E-005  -0.323162E-003
 -8.909750  -0.154432E-002   0.133998E-004   0.243479E-004  -0.791116E-003
 -8.722404  -0.390643E-002   0.288615E-004   0.578942E-004  -0.184427E-002
 -8.520273  -0.953339E-002   0.558151E-004   0.131347E-003  -0.408225E-002
 -8.299540  -0.222756E-001   0.888824E-004   0.280861E-003  -0.845457E-002
 -8.061142  -0.484400E-001   0.832461E-004   0.547435E-003  -0.157921E-001
 -7.816246  -0.933201E-001  -0.881224E-004   0.924042E-003  -0.251880E-001
 -7.580811  -0.154173E+000  -0.597141E-003   0.131113E-002  -0.331885E-001
 -7.362633  -0.220855E+000  -0.153493E-002   0.158776E-002  -0.364759E-001
 -7.160954  -0.283304E+000  -0.286604E-002   0.170425E-002  -0.343944E-001
 -6.972185  -0.335897E+000  -0.448035E-002   0.169724E-002  -0.288300E-001
 -6.792739  -0.378133E+000  -0.626697E-002   0.166198E-002  -0.229722E-001
 -6.619639  -0.413818E+000  -0.818104E-002   0.171477E-002  -0.200128E-001
 -6.450471  -0.449545E+000  -0.102944E-001   0.195431E-002  -0.220399E-001
 -6.283185  -0.492703E+000  -0.128179E-001   0.242503E-002  -0.292536E-001
 -6.115906  -0.549178E+000  -0.160769E-001   0.308732E-002  -0.396736E-001
 -5.946757  -0.621101E+000  -0.204130E-001   0.380210E-002  -0.495385E-001
 -5.773692  -0.705254E+000  -0.259909E-001   0.433987E-002  -0.545399E-001
 -5.594296  -0.793002E+000  -0.325021E-001   0.442635E-002  -0.518122E-001
 -5.405600  -0.872720E+000  -0.388278E-001   0.383496E-002  -0.420338E-001
 -5.204017  -0.934947E+000  -0.429170E-001   0.252412E-002  -0.299045E-001
 -4.985961  -0.977215E+000  -0.425251E-001   0.773173E-003  -0.201484E-001
 -4.750648  -0.999258E+000  -0.375770E-001  -0.828383E-003  -0.959101E-002
 -4.505769  -0.988338E+000  -0.321029E-001  -0.172613E-002   0.905431E-002
 -4.267255  -0.935938E+000  -0.295888E-001  -0.185474E-002   0.256822E-001
 -4.046383  -0.869262E+000  -0.281191E-001  -0.158727E-002   0.272954E-001
 -3.844143  -0.811599E+000  -0.258500E-001  -0.133493E-002   0.257831E-001
 -3.656717  -0.751293E+000  -0.242375E-001  -0.126197E-002   0.344550E-001
 -3.479666  -0.672545E+000  -0.245653E-001  -0.129869E-002   0.462854E-001
 -3.309083  -0.582385E+000  -0.255425E-001  -0.140044E-002   0.490710E-001
 -3.141594  -0.496129E+000  -0.249824E-001  -0.167841E-002   0.461054E-001
 -2.974115  -0.410914E+000  -0.225136E-001  -0.217603E-002   0.501377E-001
 -2.803562  -0.309751E+000  -0.196575E-001  -0.260913E-002   0.612023E-001
 -2.626565  -0.191105E+000  -0.174956E-001  -0.255814E-002   0.643589E-001
 -2.439218  -0.759373E-001  -0.155604E-001  -0.199259E-002   0.548166E-001
 -2.237088   0.268490E-001  -0.138293E-001  -0.134050E-002   0.491768E-001
 -2.016354   0.137264E+000  -0.140949E-001  -0.847457E-003   0.531693E-001
 -1.777957   0.253628E+000  -0.164720E-001  -0.465514E-003   0.465784E-001
 -1.533060   0.346397E+000  -0.179797E-001  -0.562852E-003   0.367914E-001
 -1.297626   0.431563E+000  -0.185603E-001  -0.114000E-002   0.428992E-001
 -1.079448   0.524536E+000  -0.194589E-001  -0.163367E-002   0.467598E-001
 -0.877768   0.609026E+000  -0.192018E-001  -0.212993E-002   0.416803E-001
 -0.689000   0.682484E+000  -0.162734E-001  -0.289871E-002   0.413224E-001
 -0.509553   0.758168E+000  -0.111489E-001  -0.359948E-002   0.486161E-001
 -0.336454   0.838168E+000  -0.561476E-002  -0.350341E-002   0.501319E-001
 -0.167285   0.903770E+000  -0.150276E-002  -0.219758E-002   0.331387E-001
  0.000000   0.929491E+000   0.459454E-016  -0.125003E-005  -0.508418E-005
  0.167279   0.903754E+000  -0.149871E-002   0.219521E-002  -0.331472E-001
  0.336428   0.838151E+000  -0.560691E-002   0.350150E-002  -0.501381E-001
  0.509493   0.758162E+000  -0.111377E-001   0.359841E-002  -0.486231E-001
  0.688889   0.682492E+000  -0.162598E-001   0.289852E-002  -0.413281E-001
  0.877586   0.609058E+000  -0.191881E-001   0.213011E-002  -0.416769E-001
  1.079169   0.524618E+000  -0.194468E-001   0.163397E-002  -0.467569E-001
  1.297225   0.431689E+000  -0.185488E-001   0.114093E-002  -0.429152E-001
  1.532538   0.346546E+000  -0.179684E-001   0.563793E-003  -0.367877E-001
  1.777416   0.253835E+000  -0.164641E-001   0.465049E-003  -0.465470E-001
  2.015931   0.137459E+000  -0.140852E-001   0.846692E-003  -0.531735E-001
  2.236802   0.269672E-001  -0.138157E-001   0.133986E-002  -0.491786E-001
  2.439042  -0.758677E-001  -0.155466E-001   0.199214E-002  -0.548049E-001
  2.626468  -0.191078E+000  -0.174826E-001   0.255815E-002  -0.643557E-001
  2.803519  -0.309761E+000  -0.196457E-001   0.260936E-002  -0.612044E-001
  2.974103  -0.410942E+000  -0.225031E-001   0.217623E-002  -0.501378E-001
  3.141592  -0.496164E+000  -0.249723E-001   0.167858E-002  -0.461050E-001
  3.309070  -0.582419E+000  -0.255322E-001   0.140062E-002  -0.490705E-001
  3.479623  -0.672561E+000  -0.245553E-001   0.129887E-002  -0.462871E-001
  3.656620  -0.751285E+000  -0.242276E-001   0.126219E-002  -0.344618E-001
  3.843967  -0.811573E+000  -0.258388E-001   0.133506E-002  -0.257853E-001
  4.046098  -0.869202E+000  -0.281078E-001   0.158716E-002  -0.272893E-001
  4.266831  -0.935841E+000  -0.295786E-001   0.185484E-002  -0.256995E-001
  4.505228  -0.988285E+000  -0.320874E-001   0.172767E-002  -0.910120E-002
  4.750125  -0.999294E+000  -0.375584E-001   0.831886E-003   0.956260E-002
  4.985560  -0.977290E+000  -0.425156E-001  -0.769165E-003   0.201367E-001
  5.203738  -0.935027E+000  -0.429175E-001  -0.252116E-002   0.298934E-001
  5.405417  -0.872783E+000  -0.388327E-001  -0.383339E-002   0.420266E-001
  5.594185  -0.793035E+000  -0.325071E-001  -0.442569E-002   0.518119E-001
  5.773632  -0.705256E+000  -0.259949E-001  -0.433958E-002   0.545435E-001
  5.946732  -0.621083E+000  -0.204158E-001  -0.380189E-002   0.495419E-001
  6.115900  -0.549153E+000  -0.160791E-001  -0.308712E-002   0.396754E-001
  6.283185  -0.492680E+000  -0.128200E-001  -0.242486E-002   0.292545E-001
  6.450464  -0.449523E+000  -0.102967E-001  -0.195419E-002   0.220406E-001
  6.619613  -0.413797E+000  -0.818404E-002  -0.171470E-002   0.200131E-001
  6.792679  -0.378115E+000  -0.627104E-002  -0.166191E-002   0.229710E-001
  6.972075  -0.335889E+000  -0.448556E-002  -0.169717E-002   0.288266E-001
  7.160771  -0.283320E+000  -0.287209E-002  -0.170426E-002   0.343907E-001
  7.362354  -0.220907E+000  -0.154104E-002  -0.158802E-002   0.364770E-001
  7.580410  -0.154261E+000  -0.602294E-003  -0.131177E-002   0.332001E-001
  7.815723  -0.934168E-001  -0.915572E-004  -0.924950E-003   0.252095E-001
  8.060601  -0.485063E-001   0.814746E-004  -0.548205E-003   0.158127E-001
  8.299116  -0.223043E-001   0.880935E-004  -0.281270E-003   0.846632E-002
  8.519987  -0.954220E-002   0.554685E-004  -0.131506E-003   0.408704E-002
  8.722227  -0.390834E-002   0.287074E-004  -0.579441E-004   0.184583E-002
  8.909654  -0.154445E-002   0.133322E-004  -0.243607E-004   0.791529E-003
  9.086704  -0.587748E-003   0.572473E-005  -0.978627E-005   0.323243E-003
  9.257288  -0.214230E-003   0.229523E-005  -0.374442E-005   0.125427E-003
  9.424777  -0.742497E-004   0.860188E-006  -0.135675E-005   0.460077E-004
  9.592256  -0.242482E-004   0.300111E-006  -0.461821E-006   0.158325E-004
  9.762809  -0.737348E-005   0.966353E-007  -0.146052E-006   0.505681E-005
  9.939805  -0.205413E-005   0.283200E-007  -0.422540E-007   0.147634E-005
 10.127152  -0.512692E-006   0.739905E-008  -0.109431E-007   0.385609E-006
 10.329283  -0.111397E-006   0.167659E-008  -0.246660E-008   0.876190E-007
 10.550016  -0.205034E-007   0.320845E-009  -0.471019E-009   0.168607E-007
 10.788414  -0.321496E-008   0.521406E-010  -0.766034E-010   0.276205E-008
 11.033310  -0.467005E-009   0.781584E-011  -0.115192E-010   0.418058E-009
 11.268745  -0.712503E-010   0.122417E-011  -0.181272E-011   0.661542E-010
 11.486923  -0.122025E-010   0.214212E-012  -0.318932E-012   0.116932E-010
 11.688602  -0.234370E-011   0.418854E-013  -0.627206E-013   0.230857E-011
 11.877370  -0.491884E-012   0.892577E-014  -0.134444E-013   0.496519E-012
 12.056817  -0.109641E-012   0.201630E-014  -0.305514E-014   0.113167E-012
 12.229917  -0.253080E-013   0.471023E-015  -0.718007E-015   0.266677E-013
 12.399085  -0.591751E-014   0.111347E-015  -0.170774E-015   0.635855E-014
 12.566371  -0.137351E-014   0.261097E-016  -0.402961E-016   0.150387E-014
 12.733650  -0.310184E-015   0.595358E-017  -0.924795E-017   0.345905E-015
 12.902799  -0.666976E-016   0.129209E-017  -0.202061E-017   0.757402E-016
 13.075864  -0.133153E-016   0.260288E-018  -0.409947E-018   0.153987E-016
 13.255260  -0.239173E-017   0.471734E-019  -0.748621E-019   0.281793E-017
 13.443956  -0.371175E-018   0.738700E-020  -0.118196E-019   0.445853E-018
 13.645539  -0.472392E-019   0.948817E-021  -0.153198E-020   0.579147E-019
 13.863595  -0.464417E-020   0.941701E-022  -0.153597E-021   0.581976E-020
 14.098908  -0.339312E-021   0.694790E-023  -0.114614E-022   0.435292E-021
 14.343787  -0.194284E-022   0.401710E-024  -0.670803E-024   0.255365E-022
 14.582301  -0.102954E-023   0.214812E-025  -0.363158E-025   0.138555E-023
 14.803173  -0.583431E-025   0.122720E-026  -0.209941E-026   0.802574E-025
 15.005412  -0.367262E-026   0.778059E-028  -0.134604E-027   0.515483E-026
 15.192839  -0.251250E-027   0.535715E-029  -0.936732E-029   0.359305E-027
 15.369890  -0.180342E-028   0.386788E-030  -0.683325E-030   0.262488E-028
 15.540473  -0.131384E-029   0.283323E-031  -0.505597E-031   0.194481E-029
 15.707962  -0.943202E-031   0.204441E-032  -0.368473E-032   0.141917E-030
 15.875441  -0.648699E-032   0.141295E-033  -0.257198E-033   0.991812E-032
 16.045994  -0.414751E-033   0.907634E-035  -0.166876E-034   0.644274E-033
 16.222991  -0.237873E-034   0.522948E-036  -0.971332E-036   0.375448E-034
 16.410338  -0.117035E-035   0.258460E-037  -0.485148E-037   0.187739E-035
 16.612468  -0.468256E-037   0.103879E-038  -0.197149E-038   0.763795E-037
 16.833202  -0.145601E-038   0.324481E-040  -0.623022E-040   0.241653E-038
 17.071599  -0.360279E-040   0.806543E-042  -0.156746E-041   0.608680E-040
 17.316495  -0.841599E-042   0.189214E-043  -0.372162E-043   0.144678E-041
 17.551930  -0.234454E-043   0.529132E-045  -0.105243E-044   0.409537E-043
 17.770108  -0.867184E-045   0.196360E-046  -0.394509E-046   0.153648E-044
 17.971788  -0.417508E-046   0.948109E-048  -0.192224E-047   0.749207E-046
 18.160556  -0.246192E-047   0.560506E-049  -0.114590E-048   0.446921E-047
 18.340003  -0.167403E-048   0.382013E-050  -0.787088E-050   0.307164E-048
 18.513102  -0.124753E-049   0.285300E-051  -0.592192E-051   0.231235E-049
 18.682270  -0.976480E-051   0.223767E-052  -0.467802E-052   0.182761E-050
 18.849556  -0.773304E-052   0.177552E-053  -0.373802E-053   0.146111E-051
 19.016835  -0.597910E-053   0.137541E-054  -0.291595E-054   0.114035E-052
 19.185984  -0.434976E-054   0.100247E-055  -0.214032E-055   0.837431E-054
 19.359049  -0.285570E-055   0.659366E-057  -0.141798E-056   0.555075E-055
 19.538445  -0.160838E-056   0.372069E-058  -0.806171E-058   0.315737E-056
 19.727141  -0.728880E-058   0.168943E-059  -0.368973E-059   0.144583E-057
 19.928725  -0.245142E-059   0.569366E-061  -0.125420E-060   0.491728E-059
 20.146781  -0.559112E-061   0.130142E-062  -0.289378E-062   0.113520E-060
 20.382094  -0.820454E-063   0.191416E-064  -0.430011E-064   0.168792E-062
 20.626972  -0.852264E-065   0.199308E-066  -0.452629E-066   0.177782E-064
 20.865487  -0.820612E-067   0.192343E-068  -0.441552E-068   0.173537E-066
 21.086358  -0.917191E-069   0.215430E-070  -0.499632E-070   0.196472E-068
 21.288598  -0.125436E-070   0.295184E-072  -0.691180E-072   0.271933E-070
 21.476024  -0.201659E-072   0.475384E-074  -0.112322E-073   0.442117E-072
 21.653075  -0.359433E-074   0.848692E-076  -0.202266E-075   0.796501E-074
 21.823659  -0.673278E-076   0.159218E-077  -0.382658E-077   0.150748E-075
 21.991147  -0.126525E-077   0.299652E-079  -0.726125E-079   0.286171E-077
 22.158626  -0.228470E-079   0.541862E-081  -0.132384E-080   0.521936E-079
 22.329179  -0.379002E-081   0.900140E-083  -0.221730E-082   0.874519E-081
 22.506176  -0.548253E-083   0.130392E-084  -0.323885E-084   0.127791E-082
 22.693523  -0.648602E-085   0.154474E-086  -0.387013E-086   0.152755E-084
 22.895653  -0.581879E-087   0.138781E-088  -0.350823E-088   0.138524E-086
 23.116387  -0.372066E-089   0.888686E-091  -0.226778E-090   0.895798E-089
 23.354784  -0.176311E-091   0.421742E-093  -0.108680E-092   0.429469E-091
 23.599681  -0.794274E-094   0.190263E-095  -0.495063E-095   0.195709E-093
 23.835116  -0.474493E-096   0.113808E-097  -0.298804E-097   0.118165E-095
 24.053294  -0.435316E-098   0.104529E-099  -0.276676E-099   0.109448E-097
 24.254973  -0.592359E-100   0.142380E-101  -0.379626E-101   0.150214E-099
 24.443741  -0.109134E-101   0.262552E-103  -0.704738E-103   0.278926E-101
 24.623188  -0.249194E-103   0.599997E-105  -0.162060E-104   0.641554E-103
 24.796287  -0.655126E-105   0.157860E-106  -0.428920E-106   0.169835E-104
 24.965456  -0.186568E-106   0.449885E-108  -0.122942E-107   0.486897E-106
 25.132741  -0.545823E-108   0.131711E-109  -0.361965E-109   0.143380E-107
 25.300020  -0.156063E-109   0.376853E-111  -0.104147E-110   0.412621E-109
 25.469169  -0.414350E-111   0.100124E-112  -0.278272E-112   0.110270E-110
 25.642235  -0.964797E-113   0.233297E-114  -0.652159E-114   0.258478E-112
 25.821631  -0.183935E-114   0.445088E-116  -0.125172E-115   0.496204E-114
 26.010327  -0.263363E-116   0.637763E-118  -0.180505E-117   0.715701E-116
 26.211910  -0.254202E-118   0.616062E-120  -0.175565E-119   0.696267E-118
 26.429966  -0.146797E-120   0.356065E-122  -0.102238E-121   0.405555E-120
 26.665279  -0.474593E-123   0.115219E-124  -0.333567E-124   0.132352E-122
 26.910157  -0.983019E-126   0.238876E-127  -0.697617E-127   0.276871E-125
 27.148672  -0.188292E-128   0.457972E-130  -0.134912E-129   0.535575E-128
 27.369543  -0.450956E-131   0.109776E-132  -0.326054E-132   0.129468E-130
 27.571783  -0.144444E-133   0.351892E-135  -0.105326E-134   0.418313E-133
 27.759210  -0.584594E-136   0.142520E-137  -0.429694E-137   0.170691E-135
 27.936260  -0.275863E-138   0.672990E-140  -0.204323E-139   0.811806E-138
 28.106844  -0.141156E-140   0.344581E-142  -0.105327E-141   0.418555E-140
 28.274333  -0.735820E-143   0.179736E-144  -0.553059E-144   0.219816E-142
