 nmodes=            4  nfields=            2  max_plot=          289
 ky=   2.6183351717856074E-002   width=    1.122448979591837     
 theta     ((Re(field_i), Im(field_i),i=(1,nfields)),j=1,nmodes)
Tearing metric:  [   0.175508E-003   0.261974E-003   0.584569E-003   0.199783E+001 ]
DEP: [   0.252247E-003   0.311906E-004  -0.603047E-001   0.109808E+000]
chi_th: [   0.725327E+001  -0.153326E+001   0.118753E+004  -0.213355E+004]
chi_i: [  -0.341067E+002  -0.483801E+001   0.915641E+004  -0.262693E+005]
chi_i_cond: [  -0.164573E+002  -0.319778E+001   0.267623E+003  -0.887644E+004]
chi_e: [   0.628891E+002   0.502646E+001  -0.334618E+004   0.105166E+005]
chi_e_cond: [   0.228593E+002  -0.437687E+000   0.179300E+004   0.230455E+004]
i_QL_cond_flux: [  -0.108320E-004  -0.210474E-005   0.176146E-003  -0.584238E-002]
e_QL_cond_flux: [   0.228593E-004  -0.437687E-006   0.179300E-002   0.230455E-002]
QL_ratio: [   0.309222E+003   0.264262E+003   0.552011E+004  -0.931197E+002]
EP QL convective fraction: [   0.488827E+000   0.363999E+000  -0.402568E+000  -0.131012E+001]
<theta^2>: [   0.942177E+001   0.148196E+002   0.391117E+002   0.317359E+002]
 Mode kept T/F for each mode:    T  T  F  F
 Theta      Re(phi)        Im(phi)        Re(B_per)        Im(B_per)
-28.274335   0.617037E-110  -0.551283E-110   0.540868E-110   0.226537E-109
-28.106829   0.353129E-108  -0.315317E-108   0.307077E-108   0.128627E-107
-27.936071   0.209628E-106  -0.187070E-106   0.180803E-106   0.757403E-106
-27.758407   0.138853E-104  -0.123834E-104   0.118740E-104   0.497461E-104
-27.569386   0.111818E-102  -0.996551E-103   0.947531E-103   0.397006E-102
-27.363563   0.120754E-100  -0.107538E-100   0.101315E-100   0.424546E-100
-27.135777   0.188016E-098  -0.167298E-098   0.156035E-098   0.653919E-098
-26.887654   0.381367E-096  -0.339030E-096   0.312792E-096   0.131104E-095
-26.636546   0.654415E-094  -0.581225E-094   0.530509E-094   0.222388E-093
-26.402710   0.624179E-092  -0.553895E-092   0.500667E-092   0.209905E-091
-26.190820   0.317640E-090  -0.281657E-090   0.252422E-090   0.105840E-089
-25.996318   0.100044E-088  -0.886486E-089   0.788429E-089   0.330618E-088
-25.813688   0.226952E-087  -0.200972E-087   0.177492E-087   0.744358E-087
-25.638614   0.415600E-086  -0.367797E-086   0.322679E-086   0.135336E-085
-25.468034   0.665281E-085  -0.588403E-085   0.512922E-085   0.215145E-084
-25.299873   0.982595E-084  -0.868525E-084   0.752348E-084   0.315599E-083
-25.132741   0.138875E-082  -0.122678E-082   0.105602E-082   0.443024E-082
-24.965614   0.193002E-081  -0.170387E-081   0.145744E-081   0.611481E-081
-24.797467   0.270816E-080  -0.238931E-080   0.203061E-080   0.852040E-080
-24.626916   0.396940E-079  -0.349972E-079   0.295463E-079   0.123987E-078
-24.451891   0.638073E-078  -0.562177E-078   0.471320E-078   0.197803E-077
-24.269340   0.120620E-076  -0.106191E-076   0.883644E-077   0.370887E-076
-24.074955   0.295381E-075  -0.259822E-075   0.214421E-075   0.900088E-075
-23.863230   0.106012E-073  -0.931571E-074   0.761556E-074   0.319728E-073
-23.629601   0.622220E-072  -0.546121E-072   0.441574E-072   0.185419E-071
-23.378596   0.559386E-070  -0.490300E-070   0.391536E-070   0.164439E-069
-23.130317   0.524544E-068  -0.459094E-068   0.361915E-068   0.152030E-067
-22.902323   0.355950E-066  -0.311095E-066   0.242243E-066   0.101779E-065
-22.696340   0.163577E-064  -0.142772E-064   0.109907E-064   0.461864E-064
-22.507207   0.550339E-063  -0.479720E-063   0.365332E-063   0.153552E-062
-22.329469   0.148588E-061  -0.129358E-061   0.974997E-062   0.409871E-061
-22.158669   0.347244E-060  -0.301924E-060   0.225280E-060   0.947201E-060
-21.991149   0.746381E-059  -0.648144E-059   0.478776E-059   0.201339E-058
-21.823643   0.155467E-057  -0.134828E-057   0.985888E-058   0.414669E-057
-21.652886   0.329930E-056  -0.285737E-056   0.206764E-056   0.869822E-056
-21.475222   0.752849E-055  -0.651055E-055   0.465982E-055   0.196070E-054
-21.286201   0.196654E-053  -0.169792E-053   0.120112E-053   0.505503E-053
-21.080378   0.631131E-052  -0.543954E-052   0.379910E-052   0.159927E-051
-20.852592   0.261760E-050  -0.225149E-050   0.155044E-050   0.652852E-050
-20.604469   0.129737E-048  -0.111342E-048   0.755104E-049   0.318052E-048
-20.353360   0.558934E-047  -0.478588E-047   0.319667E-047   0.134686E-046
-20.119524   0.154426E-045  -0.131945E-045   0.869181E-046   0.366319E-045
-19.907635   0.266946E-044  -0.227645E-044   0.148135E-044   0.624481E-044
-19.713133   0.322907E-043  -0.274882E-043   0.176919E-043   0.745997E-043
-19.530503   0.305840E-042  -0.259922E-042   0.165604E-042   0.698437E-042
-19.355428   0.246646E-041  -0.209279E-041   0.132062E-041   0.557091E-041
-19.184849   0.179509E-040  -0.152073E-040   0.950715E-041   0.401134E-040
-19.016687   0.122620E-039  -0.103714E-039   0.642438E-040   0.271119E-039
-18.849556   0.807083E-039  -0.681547E-039   0.418292E-039   0.176563E-038
-18.682429   0.521897E-038  -0.439991E-038   0.267532E-038   0.112951E-037
-18.514282   0.337801E-037  -0.284298E-037   0.171225E-037   0.723067E-037
-18.343731   0.224101E-036  -0.188266E-036   0.112275E-036   0.474236E-036
-18.168706   0.157604E-035  -0.132146E-035   0.779921E-036   0.329511E-035
-17.986155   0.123260E-034  -0.103130E-034   0.601871E-035   0.254356E-034
-17.791769   0.114486E-033  -0.955579E-034   0.550760E-034   0.232827E-033
-17.580045   0.137180E-032  -0.114175E-032   0.648698E-033   0.274329E-032
-17.346416   0.227628E-031  -0.188812E-031   0.105490E-031   0.446300E-031
-17.095411   0.496795E-030  -0.410434E-030   0.224958E-030   0.952211E-030
-16.847132   0.109134E-028  -0.897732E-029   0.482269E-029   0.204247E-028
-16.619138   0.188368E-027  -0.154286E-027   0.812965E-028   0.344483E-027
-16.413155   0.245316E-026  -0.200095E-026   0.103536E-026   0.438944E-026
-16.224022   0.255046E-025  -0.207187E-025   0.105373E-025   0.446953E-025
-16.046283   0.225693E-024  -0.182603E-024   0.913331E-025   0.387590E-024
-15.875484   0.179040E-023  -0.144267E-023   0.709809E-024   0.301368E-023
-15.707964   0.132636E-022  -0.106427E-022   0.515058E-023   0.218791E-022
-15.540458   0.949634E-022  -0.758636E-022   0.361008E-022   0.153432E-021
-15.369701   0.678471E-021  -0.539473E-021   0.252260E-021   0.107272E-020
-15.192036   0.500148E-020  -0.395658E-020   0.181614E-020   0.772759E-020
-15.003016   0.395035E-019  -0.310736E-019   0.139803E-019   0.595245E-019
-14.797192   0.348320E-018  -0.272222E-018   0.119792E-018   0.510420E-018
-14.569406   0.351995E-017  -0.273037E-017   0.117202E-017   0.499805E-017
-14.321283   0.386007E-016  -0.296866E-016   0.123996E-016   0.529283E-016
-14.070175   0.377054E-015  -0.287376E-015   0.116751E-015   0.498850E-015
-13.836339   0.274278E-014  -0.207241E-014   0.820603E-015   0.350952E-014
-13.624449   0.147698E-013  -0.110706E-013   0.428359E-014   0.183356E-013
-13.429947   0.633746E-013  -0.471454E-013   0.178628E-013   0.765214E-013
-13.247318   0.232531E-012  -0.171737E-012   0.638008E-013   0.273519E-012
-13.072243   0.768130E-012  -0.563275E-012   0.205333E-012   0.880931E-012
-12.901663   0.236597E-011  -0.172257E-011   0.616342E-012   0.264621E-011
-12.733502   0.695461E-011  -0.502630E-011   0.176516E-011   0.758419E-011
-12.566371   0.198071E-010  -0.142064E-010   0.489536E-011   0.210496E-010
-12.399244   0.552524E-010  -0.393134E-010   0.132860E-010   0.571739E-010
-12.231096   0.152472E-009  -0.107571E-009   0.356272E-010   0.153443E-009
-12.060546   0.421326E-009  -0.294551E-009   0.955038E-010   0.411692E-009
-11.885520   0.118552E-008  -0.820540E-009   0.260050E-009   0.112209E-008
-11.702969   0.347576E-008  -0.237865E-008   0.735152E-009   0.317552E-008
-11.508584   0.109442E-007  -0.739150E-008   0.222005E-008   0.960148E-008
-11.296859   0.383536E-007  -0.254916E-007   0.740258E-008   0.320627E-007
-11.063230   0.153352E-006  -0.999059E-007   0.278516E-007   0.120852E-006
-10.812226   0.672472E-006  -0.427435E-006   0.113509E-006   0.493606E-006
-10.563947   0.281682E-005  -0.174091E-005   0.438276E-006   0.191052E-005
-10.335953   0.100621E-004  -0.603861E-005   0.144000E-005   0.629278E-005
-10.129970   0.303707E-004  -0.176889E-004   0.399718E-005   0.175109E-004
 -9.940836   0.800739E-004  -0.452294E-004   0.968303E-005   0.425248E-004
 -9.763098   0.190582E-003  -0.104271E-003   0.211203E-004   0.929888E-004
 -9.592298   0.419623E-003  -0.221970E-003   0.424245E-004   0.187279E-003
 -9.424779   0.869664E-003  -0.443659E-003   0.796782E-004   0.352714E-003
 -9.257273   0.171773E-002  -0.842319E-003   0.141287E-003   0.627323E-003
 -9.086515   0.326307E-002  -0.153145E-002   0.237859E-003   0.105962E-002
 -8.908851   0.600163E-002  -0.268079E-002   0.380807E-003   0.170277E-002
 -8.719830   0.107322E-001  -0.452945E-002   0.577833E-003   0.259500E-002
 -8.514007   0.186548E-001  -0.737123E-002   0.821513E-003   0.370862E-002
 -8.286221   0.311862E-001  -0.114234E-001   0.106659E-002   0.484640E-002
 -8.038098   0.485939E-001  -0.164173E-001   0.121361E-002   0.556047E-002
 -7.786990   0.675957E-001  -0.212788E-001   0.118138E-002   0.547107E-002
 -7.553154   0.832885E-001  -0.250681E-001   0.102126E-002   0.479721E-002
 -7.341264   0.937251E-001  -0.277712E-001   0.836646E-003   0.400953E-002
 -7.146762   0.994899E-001  -0.297356E-001   0.680299E-003   0.335555E-002
 -6.964132   0.101851E+000  -0.312227E-001   0.559565E-003   0.287340E-002
 -6.789058   0.102025E+000  -0.323501E-001   0.463663E-003   0.251379E-002
 -6.618478   0.101038E+000  -0.331427E-001   0.379841E-003   0.221477E-002
 -6.450317   0.997253E-001  -0.335931E-001   0.300955E-003   0.193854E-002
 -6.283185   0.987379E-001  -0.337182E-001   0.228004E-003   0.168627E-002
 -6.116058   0.985209E-001  -0.336010E-001   0.168416E-003   0.149394E-002
 -5.947911   0.993055E-001  -0.334045E-001   0.130540E-003   0.141038E-002
 -5.777360   0.101134E+000  -0.333472E-001   0.116452E-003   0.146610E-002
 -5.602335   0.103929E+000  -0.336447E-001   0.116402E-003   0.164842E-002
 -5.419784   0.107592E+000  -0.344249E-001   0.108503E-003   0.190141E-002
 -5.225399   0.112159E+000  -0.356216E-001   0.689536E-004   0.217811E-002
 -5.013674   0.118078E+000  -0.369063E-001   0.719450E-006   0.258647E-002
 -4.780045   0.126612E+000  -0.379217E-001  -0.317164E-004   0.356129E-002
 -4.529040   0.139585E+000  -0.390900E-001   0.273173E-004   0.543136E-002
 -4.280761   0.157107E+000  -0.413570E-001   0.439644E-004   0.724072E-002
 -4.052767   0.176911E+000  -0.441061E-001  -0.742899E-004   0.797904E-002
 -3.846784   0.197182E+000  -0.461596E-001  -0.182187E-003   0.819129E-002
 -3.657651   0.217165E+000  -0.474540E-001  -0.201735E-003   0.850285E-002
 -3.479913   0.236392E+000  -0.484626E-001  -0.212517E-003   0.875838E-002
 -3.309113   0.254623E+000  -0.494069E-001  -0.284437E-003   0.865766E-002
 -3.141594   0.272202E+000  -0.502472E-001  -0.373942E-003   0.840416E-002
 -2.974088   0.290158E+000  -0.510427E-001  -0.397409E-003   0.856176E-002
 -2.803330   0.309770E+000  -0.520651E-001  -0.372404E-003   0.937932E-002
 -2.625666   0.331965E+000  -0.534790E-001  -0.439638E-003   0.104440E-001
 -2.436645   0.357401E+000  -0.549923E-001  -0.695501E-003   0.113140E-001
 -2.230822   0.387840E+000  -0.560815E-001  -0.104088E-002   0.126370E-001
 -2.003036   0.427590E+000  -0.566188E-001  -0.142657E-002   0.157700E-001
 -1.754913   0.480520E+000  -0.563512E-001  -0.224249E-002   0.201572E-001
 -1.503804   0.543655E+000  -0.540737E-001  -0.361332E-002   0.243695E-001
 -1.269969   0.612382E+000  -0.498351E-001  -0.508293E-002   0.296701E-001
 -1.058079   0.685883E+000  -0.444102E-001  -0.661775E-002   0.357818E-001
 -0.863577   0.762083E+000  -0.375083E-001  -0.816931E-002   0.399845E-001
 -0.680947   0.836205E+000  -0.287869E-001  -0.923411E-002   0.400557E-001
 -0.505872   0.902346E+000  -0.188725E-001  -0.913838E-002   0.352908E-001
 -0.335293   0.954709E+000  -0.941245E-002  -0.744192E-002   0.261815E-001
 -0.167131   0.988378E+000  -0.252741E-002  -0.419729E-002   0.139114E-001
  0.000000   0.100000E+001  -0.233400E-015   0.129146E-006  -0.143849E-005
  0.167127   0.988374E+000  -0.252725E-002   0.419747E-002  -0.139140E-001
  0.335274   0.954704E+000  -0.941156E-002   0.744193E-002  -0.261831E-001
  0.505825   0.902349E+000  -0.188700E-001   0.913840E-002  -0.352912E-001
  0.680850   0.836227E+000  -0.287819E-001   0.923458E-002  -0.400561E-001
  0.863401   0.762137E+000  -0.375010E-001   0.817069E-002  -0.399875E-001
  1.057787   0.685979E+000  -0.444010E-001   0.662005E-002  -0.357901E-001
  1.269511   0.612521E+000  -0.498242E-001   0.508596E-002  -0.296825E-001
  1.503140   0.543831E+000  -0.540632E-001   0.361733E-002  -0.243812E-001
  1.754145   0.480696E+000  -0.563468E-001   0.224600E-002  -0.201697E-001
  2.002424   0.427709E+000  -0.566187E-001   0.142789E-002  -0.157805E-001
  2.230418   0.387904E+000  -0.560824E-001   0.104153E-002  -0.126406E-001
  2.436401   0.357434E+000  -0.549934E-001   0.695929E-003  -0.113149E-001
  2.625534   0.331980E+000  -0.534792E-001   0.439761E-003  -0.104447E-001
  2.803273   0.309773E+000  -0.520644E-001   0.372406E-003  -0.937967E-002
  2.974072   0.290155E+000  -0.510419E-001   0.397412E-003  -0.856177E-002
  3.141592   0.272198E+000  -0.502465E-001   0.373945E-003  -0.840413E-002
  3.309098   0.254621E+000  -0.494063E-001   0.284443E-003  -0.865761E-002
  3.479855   0.236395E+000  -0.484621E-001   0.212526E-003  -0.875840E-002
  3.657520   0.217176E+000  -0.474539E-001   0.201726E-003  -0.850311E-002
  3.846540   0.197206E+000  -0.461609E-001   0.182266E-003  -0.819158E-002
  4.052364   0.176949E+000  -0.441106E-001   0.745861E-004  -0.797965E-002
  4.280150   0.157156E+000  -0.413639E-001  -0.437923E-004  -0.724419E-002
  4.528273   0.139630E+000  -0.390943E-001  -0.275531E-004  -0.543776E-002
  4.779381   0.126639E+000  -0.379235E-001   0.316697E-004  -0.356513E-002
  5.013217   0.118092E+000  -0.369083E-001  -0.574293E-006  -0.258759E-002
  5.225106   0.112165E+000  -0.356231E-001  -0.688684E-004  -0.217852E-002
  5.419609   0.107594E+000  -0.344253E-001  -0.108490E-003  -0.190170E-002
  5.602238   0.103929E+000  -0.336443E-001  -0.116408E-003  -0.164859E-002
  5.777313   0.101133E+000  -0.333464E-001  -0.116453E-003  -0.146614E-002
  5.947892   0.993036E-001  -0.334037E-001  -0.130534E-003  -0.141034E-002
  6.116054   0.985193E-001  -0.336004E-001  -0.168409E-003  -0.149388E-002
  6.283185   0.987367E-001  -0.337177E-001  -0.227999E-003  -0.168622E-002
  6.450312   0.997243E-001  -0.335927E-001  -0.300951E-003  -0.193851E-002
  6.618459   0.101036E+000  -0.331423E-001  -0.379836E-003  -0.221476E-002
  6.789010   0.102023E+000  -0.323499E-001  -0.463646E-003  -0.251376E-002
  6.964035   0.101849E+000  -0.312227E-001  -0.559513E-003  -0.287322E-002
  7.146587   0.994911E-001  -0.297363E-001  -0.680163E-003  -0.335500E-002
  7.340972   0.937345E-001  -0.277738E-001  -0.836357E-003  -0.400830E-002
  7.552697   0.833153E-001  -0.250744E-001  -0.102080E-002  -0.479522E-002
  7.786326   0.676466E-001  -0.212912E-001  -0.118098E-002  -0.546939E-002
  8.037330   0.486553E-001  -0.164338E-001  -0.121371E-002  -0.556114E-002
  8.285609   0.312303E-001  -0.114369E-001  -0.106712E-002  -0.484890E-002
  8.513603   0.186778E-001  -0.737897E-002  -0.821989E-003  -0.371084E-002
  8.719586   0.107425E-001  -0.453312E-002  -0.578101E-003  -0.259624E-002
  8.908719   0.600578E-002  -0.268230E-002  -0.380914E-003  -0.170327E-002
  9.086458   0.326468E-002  -0.153200E-002  -0.237885E-003  -0.105974E-002
  9.257257   0.171839E-002  -0.842517E-003  -0.141284E-003  -0.627320E-003
  9.424777   0.869993E-003  -0.443748E-003  -0.796731E-004  -0.352696E-003
  9.592283   0.419832E-003  -0.222033E-003  -0.424243E-004  -0.187281E-003
  9.763041   0.190731E-003  -0.104325E-003  -0.211245E-004  -0.930086E-004
  9.940705   0.801752E-004  -0.452726E-004  -0.968878E-005  -0.425507E-004
 10.129725   0.304324E-004  -0.177183E-004  -0.400218E-005  -0.175331E-004
 10.335549   0.100937E-004  -0.605495E-005  -0.144322E-005  -0.630699E-005
 10.563335   0.282958E-005  -0.174791E-005  -0.439809E-006  -0.191725E-005
 10.811458   0.676180E-006  -0.429553E-006  -0.114007E-006  -0.495786E-006
 11.062566   0.154126E-006  -0.100351E-006  -0.279606E-007  -0.121327E-006
 11.296402   0.385017E-007  -0.255744E-007  -0.742283E-008  -0.321510E-007
 11.508292   0.109752E-007  -0.740772E-008  -0.222383E-008  -0.961800E-008
 11.702794   0.348310E-008  -0.238211E-008  -0.735867E-009  -0.317866E-008
 11.885423   0.118749E-008  -0.821345E-009  -0.260180E-009  -0.112267E-008
 12.060498   0.421919E-009  -0.294756E-009  -0.955242E-010  -0.411787E-009
 12.231078   0.152667E-009  -0.107630E-009  -0.356292E-010  -0.153454E-009
 12.399239   0.553210E-010  -0.393322E-010  -0.132857E-010  -0.571736E-010
 12.566371   0.198320E-010  -0.142130E-010  -0.489517E-011  -0.210491E-010
 12.733498   0.696376E-011  -0.502880E-011  -0.176512E-011  -0.758417E-011
 12.901645   0.236937E-011  -0.172359E-011  -0.616382E-012  -0.264642E-011
 13.072196   0.769410E-012  -0.563720E-012  -0.205385E-012  -0.881167E-012
 13.247221   0.233013E-012  -0.171937E-012  -0.638397E-013  -0.273690E-012
 13.429772   0.635490E-013  -0.472308E-013  -0.178849E-013  -0.766173E-013
 13.624157   0.148268E-013  -0.111025E-013  -0.429337E-014  -0.183778E-013
 13.835882   0.275803E-014  -0.208181E-014  -0.823806E-015  -0.352328E-014
 14.069511   0.379983E-015  -0.289299E-015  -0.117454E-015  -0.501862E-015
 14.320516   0.389562E-016  -0.299265E-016  -0.124912E-016  -0.533200E-016
 14.568795   0.354932E-017  -0.274996E-017  -0.117961E-017  -0.503051E-017
 14.796789   0.350573E-018  -0.273655E-018  -0.120341E-018  -0.512765E-018
 15.002771   0.396916E-019  -0.311831E-019  -0.140201E-019  -0.596948E-019
 15.191905   0.501890E-020  -0.396534E-020  -0.181893E-020  -0.773959E-020
 15.369643   0.680252E-021  -0.540187E-021  -0.252423E-021  -0.107343E-020
 15.540443   0.951669E-022  -0.759252E-022  -0.361054E-022  -0.153454E-021
 15.707962   0.132903E-022  -0.106496E-022  -0.515035E-023  -0.218784E-022
 15.875468   0.179440E-023  -0.144388E-023  -0.709904E-024  -0.301413E-023
 16.046226   0.226336E-024  -0.182862E-024  -0.913968E-025  -0.387865E-024
 16.223890   0.256048E-025  -0.207697E-025  -0.105554E-025  -0.447727E-025
 16.412911   0.246685E-026  -0.200910E-026  -0.103879E-026  -0.440402E-026
 16.618734   0.189855E-027  -0.155264E-027  -0.817476E-028  -0.346400E-027
 16.846520   0.110297E-028  -0.905858E-029  -0.486236E-029  -0.205930E-028
 17.094643   0.502938E-030  -0.414831E-030  -0.227177E-030  -0.961618E-030
 17.345751   0.230132E-031  -0.190570E-031  -0.106383E-031  -0.450082E-031
 17.579587   0.138319E-032  -0.114928E-032  -0.652427E-033  -0.275909E-032
 17.791477   0.115184E-033  -0.959735E-034  -0.552693E-034  -0.233648E-033
 17.985979   0.123826E-034  -0.103421E-034  -0.603068E-035  -0.254865E-034
 18.168609   0.158182E-035  -0.132394E-035  -0.780725E-036  -0.329855E-035
 18.343683   0.224801E-036  -0.188513E-036  -0.112327E-036  -0.474462E-036
 18.514263   0.338762E-037  -0.284585E-037  -0.171252E-037  -0.723189E-037
 18.682425   0.523322E-038  -0.440374E-038  -0.267536E-038  -0.112954E-037
 18.849556   0.809282E-039  -0.682121E-039  -0.418283E-039  -0.176561E-038
 19.016683   0.122962E-039  -0.103806E-039  -0.642447E-040  -0.271126E-039
 19.184830   0.180043E-040  -0.152232E-040  -0.950871E-041  -0.401204E-040
 19.355381   0.247470E-041  -0.209570E-041  -0.132127E-041  -0.557374E-041
 19.530406   0.307064E-042  -0.260447E-042  -0.165789E-042  -0.699227E-042
 19.712957   0.324563E-043  -0.275740E-043  -0.177309E-043  -0.747651E-043
 19.907342   0.268804E-044  -0.228766E-044  -0.148726E-044  -0.626977E-044
 20.119067   0.155930E-045  -0.132957E-045  -0.875009E-046  -0.368779E-045
 20.352696   0.566367E-047  -0.483937E-047  -0.322923E-047  -0.136060E-046
 20.603701   0.131747E-048  -0.112825E-048  -0.764400E-049  -0.321972E-048
 20.851980   0.265391E-050  -0.227776E-050  -0.156695E-050  -0.659814E-050
 21.079974   0.637877E-052  -0.548553E-052  -0.382737E-052  -0.161120E-051
 21.285957   0.198199E-053  -0.170743E-053  -0.120663E-053  -0.507827E-053
 21.475090   0.757189E-055  -0.653319E-055  -0.467131E-055  -0.196556E-054
 21.652829   0.331372E-056  -0.286326E-056  -0.206979E-056  -0.870738E-056
 21.823628   0.156025E-057  -0.134996E-057  -0.986111E-058  -0.414767E-057
 21.991148   0.748886E-059  -0.648785E-059  -0.478756E-059  -0.201333E-058
 22.158654   0.348518E-060  -0.302309E-060  -0.225332E-060  -0.947430E-060
 22.329411   0.149267E-061  -0.129635E-061  -0.976058E-062  -0.410322E-061
 22.507075   0.553732E-063  -0.481496E-063  -0.366293E-063  -0.153958E-062
 22.696096   0.164984E-064  -0.143642E-064  -0.110457E-064  -0.464180E-064
 22.901920   0.360216E-066  -0.314032E-066  -0.244259E-066  -0.102628E-065
 23.129706   0.532926E-068  -0.465240E-068  -0.366345E-068  -0.153893E-067
 23.377829   0.569663E-070  -0.498014E-070  -0.397239E-070  -0.166836E-069
 23.628937   0.632326E-072  -0.553532E-072  -0.447048E-072  -0.187720E-071
 23.862773   0.107309E-073  -0.940458E-074  -0.767932E-074  -0.322408E-073
 24.074662   0.298031E-075  -0.261448E-075  -0.215513E-075  -0.904679E-075
 24.269164   0.121437E-076  -0.106620E-076  -0.886187E-077  -0.371958E-076
 24.451794   0.641529E-078  -0.563674E-078  -0.472025E-078  -0.198101E-077
 24.626869   0.398776E-079  -0.350621E-079  -0.295664E-079  -0.124073E-078
 24.797448   0.271957E-080  -0.239270E-080  -0.203110E-080  -0.852252E-080
 24.965610   0.193780E-081  -0.170595E-081  -0.145749E-081  -0.611508E-081
 25.132741   0.139432E-082  -0.122823E-082  -0.105600E-082  -0.443021E-082
 25.299868   0.986613E-084  -0.869598E-084  -0.752374E-084  -0.315613E-083
 25.468015   0.668161E-085  -0.589258E-085  -0.513048E-085  -0.215200E-084
 25.638566   0.417605E-086  -0.368506E-086  -0.322907E-086  -0.135433E-085
 25.813591   0.228252E-087  -0.201536E-087  -0.177772E-087  -0.745539E-087
 25.996143   0.100771E-088  -0.890319E-089  -0.790858E-089  -0.331640E-088
 26.190528   0.320747E-090  -0.283572E-090  -0.253820E-090  -0.106427E-089
 26.402253   0.632658E-092  -0.559744E-092  -0.505312E-092  -0.211854E-091
 26.635882   0.666468E-094  -0.590144E-094  -0.537954E-094  -0.225511E-093
 26.886886   0.389504E-096  -0.345207E-096  -0.318074E-096  -0.133319E-095
 27.135165   0.191593E-098  -0.169954E-098  -0.158303E-098  -0.663432E-098
 27.363159   0.122519E-100  -0.108769E-100  -0.102340E-100  -0.428843E-100
 27.569142   0.113019E-102  -0.100407E-102  -0.953415E-103  -0.399475E-102
 27.758275   0.139947E-104  -0.124412E-104  -0.119136E-104  -0.499122E-104
 27.936014   0.210882E-106  -0.187585E-106  -0.181058E-106  -0.758478E-106
 28.106813   0.354865E-108  -0.315840E-108  -0.307173E-108  -0.128668E-107
 28.274333   0.619871E-110  -0.552004E-110  -0.540843E-110  -0.226529E-109
