 nmodes=            3  nfields=            2  max_plot=          289
 ky=   4.5711431569353644E-002   width=    1.000000000000000     
 theta     ((Re(field_i), Im(field_i),i=(1,nfields)),j=1,nmodes)
Tearing metric:  [   0.195184E-003   0.117281E-003   0.199668E+001   0.510840E-003 ]
DEP: [   0.476010E-003   0.144491E-002   0.173626E-002   0.000000E+000]
chi_th: [  -0.138897E+002  -0.732203E+002  -0.208764E+003   0.000000E+000]
chi_i: [  -0.917112E+002  -0.137090E+003  -0.924624E+003   0.000000E+000]
chi_i_cond: [  -0.469980E+002  -0.136220E+003  -0.583592E+003   0.000000E+000]
chi_e: [   0.115386E+003   0.408735E+003   0.262851E+003   0.000000E+000]
chi_e_cond: [   0.524333E+001  -0.368132E+002   0.784711E+001   0.000000E+000]
i_QL_cond_flux: [  -0.271598E-004  -0.787206E-004  -0.337254E-003   0.000000E+000]
e_QL_cond_flux: [   0.524333E-005  -0.368132E-004   0.784711E-005   0.000000E+000]
QL_ratio: [   0.189296E+003   0.141687E+003   0.297332E+002             NaN]
EP QL convective fraction: [   0.480993E+000   0.673001E+000   0.899515E+000             NaN]
<theta^2>: [   0.200006E+002   0.100080E+002   0.309059E+002   0.246108E+002]
 Mode kept T/F for each mode:    T  F  F  F
 Theta      Re(phi)        Im(phi)        Re(B_per)        Im(B_per)
-28.274335  -0.766230E-143  -0.338051E-144   0.272301E-143  -0.196910E-142
-28.106501  -0.144102E-140  -0.635843E-142   0.508306E-141  -0.367587E-140
-27.935570  -0.276253E-138  -0.121911E-139   0.967086E-139  -0.699389E-138
-27.758146  -0.575277E-136  -0.253905E-137   0.199816E-136  -0.144512E-135
-27.570285  -0.140147E-133  -0.618639E-135   0.482808E-134  -0.349195E-133
-27.367516  -0.433710E-131  -0.191476E-132   0.148117E-131  -0.107133E-130
-27.146052  -0.180700E-128  -0.797882E-130   0.611377E-129  -0.442231E-128
-26.907124  -0.944631E-126  -0.417167E-127   0.316461E-126  -0.228921E-125
-26.662428  -0.454726E-123  -0.200847E-124   0.150828E-123  -0.109113E-122
-26.427936  -0.139580E-120  -0.616596E-122   0.458632E-121  -0.331806E-120
-26.210902  -0.240584E-118  -0.106291E-119   0.783714E-119  -0.567023E-118
-26.010175  -0.249963E-116  -0.110448E-117   0.807842E-117  -0.584510E-116
-25.822027  -0.176389E-114  -0.779468E-116   0.565871E-115  -0.409454E-114
-25.642860  -0.940357E-113  -0.415588E-114   0.299572E-113  -0.216775E-112
-25.469749  -0.412146E-111  -0.182163E-112   0.130416E-111  -0.943750E-111
-25.300359  -0.158804E-109  -0.701956E-111   0.499194E-110  -0.361257E-109
-25.132741  -0.568694E-108  -0.251400E-109   0.177596E-108  -0.128529E-107
-24.965129  -0.198931E-106  -0.879482E-108   0.617143E-107  -0.446656E-106
-24.795758  -0.713413E-105  -0.315430E-106   0.219832E-105  -0.159111E-104
-24.622679  -0.276152E-103  -0.122109E-104   0.845002E-104  -0.611629E-103
-24.443561  -0.122429E-101  -0.541409E-103   0.371873E-102  -0.269184E-101
-24.255482  -0.667988E-100  -0.295427E-101   0.201302E-100  -0.145723E-099
-24.054848  -0.489273E-098  -0.216409E-099   0.146178E-098  -0.105826E-097
-23.837934  -0.527230E-096  -0.233224E-097   0.156016E-096  -0.112956E-095
-23.603566  -0.870341E-094  -0.385047E-095   0.254812E-094  -0.184500E-093
-23.358896  -0.192121E-091  -0.850066E-093   0.556012E-092  -0.402625E-091
-23.119854  -0.407017E-089  -0.180112E-090   0.116417E-089  -0.843092E-089
-22.898252  -0.638472E-087  -0.282567E-088   0.180554E-087  -0.130770E-086
-22.695374  -0.709661E-085  -0.314105E-086   0.198521E-085  -0.143796E-084
-22.507434  -0.595036E-083  -0.263395E-084   0.164728E-083  -0.119329E-082
-22.329956  -0.406607E-081  -0.180002E-082   0.111425E-081  -0.807240E-081
-22.158994  -0.241786E-079  -0.107046E-080   0.655962E-080  -0.475266E-079
-21.991150  -0.131947E-077  -0.584216E-079   0.354391E-078  -0.256792E-077
-21.823315  -0.691725E-076  -0.306296E-077   0.183910E-076  -0.133274E-075
-21.652385  -0.364004E-074  -0.161193E-075   0.957775E-075  -0.694139E-074
-21.474960  -0.201590E-072  -0.892772E-074   0.524747E-073  -0.380346E-072
-21.287099  -0.124097E-070  -0.549623E-072   0.319397E-071  -0.231530E-070
-21.084331  -0.901687E-069  -0.399383E-070   0.229290E-069  -0.166232E-068
-20.862866  -0.805676E-067  -0.356882E-068   0.202231E-067  -0.146635E-066
-20.623939  -0.837838E-065  -0.371153E-066   0.207418E-065  -0.150418E-064
-20.379242  -0.805085E-063  -0.356666E-064   0.196540E-063  -0.142551E-062
-20.144750  -0.545736E-061  -0.241782E-062   0.131466E-061  -0.953673E-061
-19.927717  -0.238541E-059  -0.105687E-060   0.567641E-060  -0.411831E-059
-19.726989  -0.710939E-058  -0.314995E-059   0.167279E-058  -0.121379E-057
-19.538841  -0.158107E-056  -0.700541E-058   0.368106E-057  -0.267134E-056
-19.359674  -0.284118E-055  -0.125889E-056   0.654864E-056  -0.475294E-055
-19.186564  -0.439265E-054  -0.194635E-055   0.100265E-054  -0.727801E-054
-19.017174  -0.613892E-053  -0.272014E-054   0.138789E-053  -0.100756E-052
-18.849556  -0.807681E-052  -0.357883E-053   0.180865E-052  -0.131318E-051
-18.681944  -0.103701E-050  -0.459497E-052   0.229986E-051  -0.167003E-050
-18.512572  -0.134500E-049  -0.595965E-051   0.295352E-050  -0.214496E-049
-18.339494  -0.182740E-048  -0.809709E-050   0.397168E-049  -0.288480E-048
-18.160375  -0.271075E-047  -0.120110E-048   0.582769E-048  -0.423352E-047
-17.972296  -0.461353E-046  -0.204415E-047   0.980258E-047  -0.712225E-046
-17.771662  -0.955899E-045  -0.423524E-046   0.200501E-045  -0.145705E-044
-17.554749  -0.256338E-043  -0.113569E-044   0.529977E-044  -0.385218E-043
-17.320381  -0.911163E-042  -0.403660E-043   0.185358E-042  -0.134762E-041
-17.075710  -0.388532E-040  -0.172111E-041   0.776565E-041  -0.564744E-040
-16.836669  -0.157439E-038  -0.697349E-040   0.309030E-039  -0.224802E-038
-16.615067  -0.507358E-037  -0.224699E-038   0.978439E-038  -0.711966E-037
-16.412189  -0.126556E-035  -0.560420E-037   0.239951E-036  -0.174652E-035
-16.224248  -0.255814E-034  -0.113265E-035   0.477099E-035  -0.347363E-034
-16.046770  -0.442572E-033  -0.195924E-034   0.812144E-034  -0.591473E-033
-15.875809  -0.685954E-032  -0.303616E-033   0.123861E-032  -0.902332E-032
-15.707964  -0.987783E-031  -0.437130E-032   0.175481E-031  -0.127878E-030
-15.540130  -0.136268E-029  -0.602910E-031   0.238093E-030  -0.173561E-029
-15.369199  -0.185333E-028  -0.819810E-030   0.318315E-029  -0.232119E-028
-15.191775  -0.256113E-027  -0.113260E-028   0.432057E-028  -0.315178E-027
-15.003914  -0.372020E-026  -0.164468E-027   0.615740E-027  -0.449352E-026
-14.801145  -0.588904E-025  -0.260259E-026   0.954872E-026  -0.697156E-025
-14.579681  -0.103896E-023  -0.458966E-025   0.164726E-024  -0.120328E-023
-14.340754  -0.196355E-022  -0.866980E-024   0.303873E-023  -0.222098E-022
-14.096057  -0.342775E-021  -0.151265E-022   0.517431E-022  -0.378413E-021
-13.861565  -0.467952E-020  -0.206386E-021   0.689608E-021  -0.504638E-020
-13.644532  -0.475421E-019  -0.209558E-020   0.685039E-020  -0.501589E-019
-13.443804  -0.374345E-018  -0.164910E-019   0.528173E-019  -0.386951E-018
-13.255656  -0.242499E-017  -0.106766E-018   0.335391E-018  -0.245851E-017
-13.076489  -0.136051E-016  -0.598640E-018   0.184578E-017  -0.135375E-016
-12.903378  -0.687855E-016  -0.302477E-017   0.915719E-017  -0.671989E-016
-12.733988  -0.323144E-015  -0.142008E-016   0.422158E-016  -0.309972E-015
-12.566371  -0.144565E-014  -0.634867E-016   0.185294E-015  -0.136133E-014
-12.398759  -0.628974E-014  -0.276014E-015   0.790556E-015  -0.581174E-014
-12.229387  -0.271365E-013  -0.118988E-014   0.334200E-014  -0.245849E-013
-12.056308  -0.118400E-012  -0.518696E-014   0.142706E-013  -0.105056E-012
-11.877190  -0.533754E-012  -0.233594E-013   0.628571E-013  -0.463103E-012
-11.689111  -0.254817E-011  -0.111388E-012   0.292530E-012  -0.215719E-011
-11.488477  -0.132489E-010  -0.578344E-012   0.147804E-011  -0.109109E-010
-11.271564  -0.770244E-010  -0.335657E-011   0.831509E-011  -0.614590E-010
-11.037195  -0.502312E-009  -0.218436E-010   0.522033E-010  -0.386431E-009
-10.792525  -0.345179E-008  -0.149721E-009   0.343636E-009  -0.254829E-008
-10.553484  -0.220481E-007  -0.953514E-009   0.209642E-008  -0.155774E-007
-10.331882  -0.119931E-006  -0.516991E-008   0.108821E-007  -0.810313E-007
-10.129004  -0.551541E-006  -0.236930E-007   0.477415E-007  -0.356293E-006
 -9.941063  -0.220463E-005  -0.943507E-007   0.181910E-006  -0.136080E-005
 -9.763585  -0.788836E-005  -0.336210E-006   0.619490E-006  -0.464591E-005
 -9.592624  -0.258494E-004  -0.109673E-005   0.192734E-005  -0.144940E-004
 -9.424779  -0.788729E-004  -0.332939E-005   0.556399E-005  -0.419693E-004
 -9.256945  -0.226830E-003  -0.951989E-005   0.150684E-004  -0.114046E-003
 -9.086014  -0.620612E-003  -0.258747E-004   0.385788E-004  -0.293104E-003
 -8.908590  -0.162752E-002  -0.673347E-004   0.938609E-004  -0.716252E-003
 -8.720729  -0.411423E-002  -0.168678E-003   0.217507E-003  -0.166834E-002
 -8.517960  -0.100461E-001  -0.407451E-003   0.478613E-003  -0.369346E-002
 -8.296496  -0.235113E-001  -0.941468E-003   0.985048E-003  -0.765625E-002
 -8.057568  -0.512135E-001  -0.202184E-002   0.182656E-002  -0.143094E-001
 -7.812872  -0.987205E-001  -0.384694E-002   0.289156E-002  -0.228070E-001
 -7.578380  -0.163087E+000  -0.631192E-002   0.380092E-002  -0.300169E-001
 -7.361346  -0.233753E+000  -0.909838E-002   0.423265E-002  -0.330011E-001
 -7.160619  -0.300368E+000  -0.119883E-001   0.418597E-002  -0.312723E-001
 -6.972471  -0.357317E+000  -0.150071E-001   0.393557E-002  -0.266849E-001
 -6.793304  -0.404554E+000  -0.184029E-001   0.386255E-002  -0.223031E-001
 -6.620193  -0.446776E+000  -0.225471E-001   0.427800E-002  -0.211407E-001
 -6.450803  -0.491685E+000  -0.277839E-001   0.527366E-002  -0.250213E-001
 -6.283185  -0.547499E+000  -0.342406E-001   0.662589E-002  -0.337271E-001
 -6.115573  -0.619957E+000  -0.416204E-001   0.778791E-002  -0.446646E-001
 -5.946202  -0.709301E+000  -0.490216E-001   0.800794E-002  -0.533091E-001
 -5.773123  -0.808112E+000  -0.548588E-001   0.659992E-002  -0.546358E-001
 -5.594005  -0.901283E+000  -0.570096E-001   0.335145E-002  -0.455061E-001
 -5.405926  -0.969750E+000  -0.533626E-001  -0.104741E-002  -0.273865E-001
 -5.205292  -0.999050E+000  -0.429549E-001  -0.488327E-002  -0.754076E-002
 -4.988378  -0.990103E+000  -0.275959E-001  -0.623083E-002   0.483512E-002
 -4.754010  -0.959496E+000  -0.125712E-001  -0.502374E-002   0.917509E-002
 -4.509340  -0.915358E+000  -0.312585E-002  -0.387685E-002   0.165417E-001
 -4.270299  -0.848689E+000   0.121922E-002  -0.387374E-002   0.270264E-001
 -4.048696  -0.771246E+000   0.358211E-002  -0.321831E-002   0.287724E-001
 -3.845818  -0.703474E+000   0.442850E-002  -0.210516E-002   0.264830E-001
 -3.657878  -0.638991E+000   0.356325E-002  -0.210109E-002   0.313439E-001
 -3.480400  -0.561353E+000   0.201673E-002  -0.295549E-002   0.404171E-001
 -3.309438  -0.471536E+000   0.967930E-003  -0.324419E-002   0.437992E-001
 -3.141594  -0.382281E+000   0.513443E-003  -0.278738E-002   0.416084E-001
 -2.973759  -0.294916E+000  -0.895946E-004  -0.273715E-002   0.429726E-001
 -2.802829  -0.197132E+000  -0.142418E-002  -0.340129E-002   0.497186E-001
 -2.625404  -0.860991E-001  -0.344347E-002  -0.346899E-002   0.515822E-001
 -2.437543   0.210643E-001  -0.581223E-002  -0.227144E-002   0.435115E-001
 -2.234775   0.113527E+000  -0.852027E-002  -0.137723E-002   0.371463E-001
 -2.013310   0.206842E+000  -0.122501E-001  -0.172490E-002   0.390591E-001
 -1.774383   0.305129E+000  -0.174658E-001  -0.150777E-002   0.349999E-001
 -1.529686   0.386722E+000  -0.221208E-001  -0.113481E-002   0.278317E-001
 -1.295194   0.462233E+000  -0.238298E-001  -0.233000E-002   0.319757E-001
 -1.078161   0.544051E+000  -0.237072E-001  -0.337856E-002   0.352834E-001
 -0.877433   0.618983E+000  -0.230061E-001  -0.365659E-002   0.316906E-001
 -0.689285   0.683841E+000  -0.207268E-001  -0.445720E-002   0.305891E-001
 -0.510118   0.749063E+000  -0.156905E-001  -0.586084E-002   0.349380E-001
 -0.337008   0.816856E+000  -0.870056E-002  -0.623213E-002   0.356971E-001
 -0.167618   0.872171E+000  -0.249077E-002  -0.414486E-002   0.235905E-001
  0.000000   0.893848E+000  -0.110492E-016  -0.407658E-005  -0.247056E-005
  0.167612   0.872163E+000  -0.247409E-002   0.413719E-002  -0.235945E-001
  0.336984   0.816850E+000  -0.867161E-002   0.622597E-002  -0.357000E-001
  0.510062   0.749068E+000  -0.156544E-001   0.585703E-002  -0.349418E-001
  0.689180   0.683861E+000  -0.206856E-001   0.445533E-002  -0.305920E-001
  0.877259   0.619025E+000  -0.229591E-001   0.365526E-002  -0.316876E-001
  1.077894   0.544136E+000  -0.236559E-001   0.337808E-002  -0.352821E-001
  1.294807   0.462357E+000  -0.237814E-001   0.233195E-002  -0.319875E-001
  1.529175   0.386868E+000  -0.220802E-001   0.113548E-002  -0.278281E-001
  1.773846   0.305320E+000  -0.174256E-001   0.150592E-002  -0.349790E-001
  2.012887   0.207018E+000  -0.122065E-001   0.172572E-002  -0.390629E-001
  2.234489   0.113642E+000  -0.847703E-002   0.137718E-002  -0.371450E-001
  2.437367   0.211422E-001  -0.576511E-002   0.227028E-002  -0.435016E-001
  2.625308  -0.860598E-001  -0.339192E-002   0.346888E-002  -0.515801E-001
  2.802786  -0.197129E+000  -0.137460E-002   0.340167E-002  -0.497203E-001
  2.973747  -0.294932E+000  -0.439377E-004   0.273740E-002  -0.429729E-001
  3.141592  -0.382304E+000   0.560122E-003   0.278767E-002  -0.416084E-001
  3.309426  -0.471557E+000   0.101816E-002   0.324450E-002  -0.437993E-001
  3.480357  -0.561358E+000   0.206580E-002   0.295600E-002  -0.404191E-001
  3.657781  -0.638974E+000   0.360696E-002   0.210181E-002  -0.313489E-001
  3.845642  -0.703432E+000   0.447137E-002   0.210495E-002  -0.264832E-001
  4.048410  -0.771161E+000   0.363074E-002   0.321733E-002  -0.287682E-001
  4.269875  -0.848564E+000   0.127030E-002   0.387463E-002  -0.270406E-001
  4.508802  -0.915255E+000  -0.307432E-002   0.387732E-002  -0.165665E-001
  4.753499  -0.959435E+000  -0.125110E-001   0.502201E-002  -0.918249E-002
  4.987991  -0.990082E+000  -0.275355E-001   0.623356E-002  -0.484577E-002
  5.205024  -0.999079E+000  -0.429123E-001   0.489112E-002   0.752055E-002
  5.405752  -0.969804E+000  -0.533446E-001   0.105598E-002   0.273712E-001
  5.593900  -0.901328E+000  -0.570114E-001  -0.334487E-002   0.455016E-001
  5.773067  -0.808130E+000  -0.548716E-001  -0.659548E-002   0.546380E-001
  5.946177  -0.709297E+000  -0.490381E-001  -0.800490E-002   0.533125E-001
  6.115567  -0.619943E+000  -0.416369E-001  -0.778569E-002   0.446668E-001
  6.283185  -0.547485E+000  -0.342566E-001  -0.662429E-002   0.337283E-001
  6.450797  -0.491672E+000  -0.278012E-001  -0.527259E-002   0.250223E-001
  6.620169  -0.446765E+000  -0.225682E-001  -0.427734E-002   0.211414E-001
  6.793247  -0.404547E+000  -0.184298E-001  -0.386206E-002   0.223025E-001
  6.972366  -0.357322E+000  -0.150401E-001  -0.393504E-002   0.266824E-001
  7.160445  -0.300397E+000  -0.120256E-001  -0.418546E-002   0.312695E-001
  7.361079  -0.233819E+000  -0.913639E-002  -0.423263E-002   0.330022E-001
  7.577992  -0.163188E+000  -0.634605E-002  -0.380202E-002   0.300272E-001
  7.812361  -0.988288E-001  -0.387297E-002  -0.289380E-002   0.228261E-001
  8.057031  -0.512880E-001  -0.203796E-002  -0.182881E-002   0.143279E-001
  8.296072  -0.235441E-001  -0.949648E-003  -0.986359E-003   0.766689E-002
  8.517674  -0.100566E-001  -0.411127E-003  -0.479151E-003   0.369781E-002
  8.720552  -0.411677E-002  -0.170230E-003  -0.217682E-003   0.166975E-002
  8.908493  -0.162788E-002  -0.679643E-004  -0.939063E-004   0.716626E-003
  9.085971  -0.620552E-003  -0.261215E-004  -0.385873E-004   0.293178E-003
  9.256932  -0.226760E-003  -0.961319E-005  -0.150690E-004   0.114054E-003
  9.424777  -0.788416E-004  -0.336325E-005  -0.556387E-005   0.419697E-004
  9.592611  -0.258406E-004  -0.110844E-005  -0.192744E-005   0.144952E-004
  9.763542  -0.788748E-005  -0.340026E-006  -0.619671E-006   0.464741E-005
  9.940966  -0.220534E-005  -0.955051E-007  -0.182043E-006   0.136184E-005
 10.128827  -0.552093E-006  -0.240099E-007  -0.478089E-007   0.356806E-006
 10.331596  -0.120164E-006  -0.524644E-008  -0.109077E-007   0.812243E-007
 10.553060  -0.221156E-007  -0.969179E-009  -0.210370E-008   0.156319E-007
 10.791988  -0.346522E-008  -0.152383E-009  -0.345118E-009   0.255935E-008
 11.036684  -0.504172E-009  -0.222389E-010  -0.524205E-010   0.388049E-009
 11.271176  -0.772362E-010  -0.341563E-011  -0.834214E-011   0.616605E-010
 11.488209  -0.132718E-010  -0.588163E-012  -0.148139E-011   0.109359E-010
 11.688937  -0.255043E-011  -0.113227E-012  -0.292959E-012   0.216039E-011
 11.877085  -0.533896E-012  -0.237384E-013  -0.629118E-013   0.463516E-012
 12.056252  -0.118380E-012  -0.527047E-014  -0.142771E-013   0.105105E-012
 12.229363  -0.271240E-013  -0.120906E-014  -0.334260E-014   0.245898E-013
 12.398753  -0.628580E-014  -0.280498E-015  -0.790580E-015   0.581202E-014
 12.566371  -0.144467E-014  -0.645330E-016  -0.185292E-015   0.136134E-014
 12.733983  -0.322934E-015  -0.144394E-016  -0.422171E-016   0.309987E-015
 12.903354  -0.687514E-016  -0.307697E-017  -0.915898E-017   0.672134E-016
 13.076433  -0.136026E-016  -0.609337E-018  -0.184672E-017   0.135447E-016
 13.255551  -0.242576E-017  -0.108762E-018  -0.335735E-018   0.246107E-017
 13.443630  -0.374753E-018  -0.168178E-019  -0.529128E-019   0.387657E-018
 13.644264  -0.476476E-019  -0.214027E-020  -0.687053E-020   0.503073E-019
 13.861178  -0.469697E-020  -0.211186E-021  -0.692680E-021   0.506895E-020
 14.095546  -0.344604E-021  -0.155096E-022  -0.520570E-022   0.380716E-021
 14.340216  -0.197530E-022  -0.889912E-024  -0.305920E-023   0.223597E-022
 14.579257  -0.104420E-023  -0.470876E-025  -0.165685E-024   0.121031E-023
 14.800860  -0.590925E-025  -0.266699E-026  -0.958924E-026   0.700125E-025
 15.003738  -0.372726E-026  -0.168347E-027  -0.617426E-027   0.450590E-026
 15.191678  -0.256285E-027  -0.115833E-028  -0.432721E-028   0.315666E-027
 15.369156  -0.185295E-028  -0.838004E-030  -0.318531E-029   0.232280E-028
 15.540118  -0.136167E-029  -0.616181E-031  -0.238133E-030   0.173592E-029
 15.707962  -0.986869E-031  -0.446824E-032  -0.175480E-031   0.127879E-030
 15.875797  -0.685433E-032  -0.310509E-033  -0.123882E-032   0.902499E-032
 16.046727  -0.442476E-033  -0.200550E-034  -0.812734E-034   0.591911E-033
 16.224152  -0.256004E-034  -0.116093E-035  -0.477909E-035   0.347958E-034
 16.412012  -0.126831E-035  -0.575446E-037  -0.240704E-036   0.175203E-035
 16.614781  -0.509425E-037  -0.231251E-038  -0.983379E-038   0.715571E-037
 16.836246  -0.158420E-038  -0.719521E-040  -0.311260E-039   0.226427E-038
 17.075173  -0.391527E-040  -0.177921E-041  -0.783325E-041   0.569668E-040
 17.319869  -0.917690E-042  -0.417239E-043  -0.186875E-042   0.135866E-041
 17.554362  -0.257674E-043  -0.117209E-044  -0.533293E-044   0.387632E-043
 17.771395  -0.958977E-045  -0.436390E-046  -0.201361E-045   0.146331E-044
 17.972122  -0.462111E-046  -0.210363E-047  -0.982933E-047   0.714178E-046
 18.160270  -0.271211E-047  -0.123501E-048  -0.583703E-048   0.424036E-047
 18.339437  -0.182687E-048  -0.832151E-050  -0.397498E-049   0.288722E-048
 18.512548  -0.134393E-049  -0.612339E-051  -0.295451E-050   0.214571E-049
 18.681938  -0.103589E-050  -0.472114E-052  -0.230002E-051   0.167016E-050
 18.849556  -0.806744E-052  -0.367774E-053  -0.180864E-052   0.131318E-051
 19.017168  -0.613220E-053  -0.279623E-054  -0.138799E-053   0.100764E-052
 19.186540  -0.438903E-054  -0.200187E-055  -0.100300E-054   0.728064E-054
 19.359618  -0.284032E-055  -0.129582E-056  -0.655441E-056   0.475717E-055
 19.538736  -0.158193E-056  -0.721906E-058  -0.368745E-057   0.267601E-056
 19.726815  -0.712233E-058  -0.325113E-059  -0.167784E-058   0.121747E-057
 19.927450  -0.239411E-059  -0.109316E-060  -0.570401E-060   0.413838E-059
 20.144363  -0.549047E-061  -0.250777E-062  -0.132425E-061   0.960636E-061
 20.378731  -0.811998E-063  -0.371006E-064  -0.198471E-063   0.143953E-062
 20.623402  -0.845827E-065  -0.386601E-066  -0.209656E-065   0.152042E-064
 20.862443  -0.812085E-067  -0.371309E-068  -0.204098E-067   0.147990E-066
 21.084045  -0.906524E-069  -0.414626E-070  -0.230817E-069   0.167341E-068
 21.286923  -0.124463E-070  -0.569442E-072  -0.320758E-071   0.232520E-070
 21.474864  -0.201800E-072  -0.923536E-074  -0.525994E-073   0.381253E-072
 21.652341  -0.363893E-074  -0.166581E-075  -0.958778E-075   0.694873E-074
 21.823303  -0.690960E-076  -0.316386E-077  -0.183958E-076   0.133310E-075
 21.991147  -0.131764E-077  -0.603493E-079  -0.354390E-078   0.256794E-077
 22.158982  -0.241514E-079  -0.110643E-080  -0.656136E-080   0.475397E-079
 22.329913  -0.406479E-081  -0.186264E-082  -0.111547E-081   0.808128E-081
 22.507337  -0.595695E-083  -0.273040E-084  -0.165145E-083   0.119632E-082
 22.695198  -0.711933E-085  -0.326403E-086  -0.199441E-085   0.144463E-084
 22.897966  -0.642280E-087  -0.294548E-088  -0.181892E-087   0.131740E-086
 23.119431  -0.410705E-089  -0.188402E-090  -0.117642E-089   0.851970E-089
 23.358358  -0.194262E-091  -0.891392E-093  -0.563029E-092   0.407710E-091
 23.603055  -0.879301E-094  -0.403593E-095  -0.257816E-094   0.186676E-093
 23.837547  -0.531157E-096  -0.243862E-097  -0.157414E-096   0.113969E-095
 24.054580  -0.491513E-098  -0.225715E-099  -0.147072E-098   0.106473E-097
 24.255308  -0.669544E-100  -0.307538E-101  -0.202082E-100   0.146289E-099
 24.443456  -0.122516E-101  -0.562858E-103  -0.372717E-102   0.269797E-101
 24.622623  -0.276042E-103  -0.126841E-104  -0.845993E-104   0.612351E-103
 24.795733  -0.712625E-105  -0.327508E-106  -0.219936E-105   0.159187E-104
 24.965123  -0.198634E-106  -0.913036E-108  -0.617203E-107   0.446703E-106
 25.132741  -0.567781E-108  -0.261028E-109  -0.177596E-108   0.128530E-107
 25.300353  -0.158564E-109  -0.729091E-111  -0.499243E-110   0.361296E-109
 25.469725  -0.411679E-111  -0.189325E-112  -0.130479E-111   0.944218E-111
 25.642803  -0.939970E-113  -0.432352E-114  -0.299938E-113   0.217041E-112
 25.821922  -0.176521E-114  -0.812076E-116  -0.567227E-115   0.410438E-114
 26.010001  -0.250587E-116  -0.115303E-117  -0.811199E-117   0.586944E-116
 26.210635  -0.241785E-118  -0.111275E-119  -0.788936E-119   0.570806E-118
 26.427548  -0.140735E-120  -0.647833E-122  -0.463197E-121   0.335111E-120
 26.661917  -0.460030E-123  -0.211813E-124  -0.152844E-123   0.110572E-122
 26.906587  -0.956819E-126  -0.440663E-127  -0.321088E-126   0.232270E-125
 27.145628  -0.182637E-128  -0.841347E-130  -0.618992E-129   0.447743E-128
 27.367230  -0.436834E-131  -0.201283E-132  -0.149444E-131   0.108093E-130
 27.570108  -0.140700E-133  -0.648457E-135  -0.485565E-134   0.351192E-133
 27.758049  -0.576078E-136  -0.265559E-137  -0.200450E-136   0.144972E-135
 27.935527  -0.276144E-138  -0.127322E-139  -0.968436E-139   0.700371E-138
 28.106488  -0.143892E-140  -0.663574E-142  -0.508483E-141   0.367718E-140
 28.274333  -0.764836E-143  -0.352782E-144  -0.272301E-143   0.196911E-142
