 nmodes=            4  nfields=            2  max_plot=          289
 ky=   0.1317523996112218        width=    1.699708454810495     
 theta     ((Re(field_i), Im(field_i),i=(1,nfields)),j=1,nmodes)
Tearing metric:  [   0.199793E+001   0.145044E-003   0.260089E-003   0.199744E+001 ]
DEP: [   0.296787E-001   0.130190E-001   0.742806E-002   0.125417E-001]
chi_th: [  -0.768208E+004  -0.173038E+004  -0.462375E+003  -0.155724E+004]
chi_i: [  -0.489970E+005  -0.961319E+004  -0.197711E+004  -0.109885E+005]
chi_i_cond: [  -0.265118E+005  -0.570278E+004  -0.127623E+004  -0.661529E+004]
chi_e: [   0.328757E+004   0.457915E+004   0.332263E+004   0.482174E+004]
chi_e_cond: [   0.305591E+004   0.534955E+003   0.173979E+001   0.132721E+004]
i_QL_cond_flux: [  -0.151188E-001  -0.325211E-002  -0.727793E-003  -0.377249E-002]
e_QL_cond_flux: [   0.305591E-002   0.534955E-003   0.173979E-005   0.132721E-002]
QL_ratio: [   0.250168E+001   0.158841E+002   0.545542E+002   0.102318E+002]
EP QL convective fraction: [   0.505992E+001   0.162517E+001   0.120640E+001   0.209521E+001]
<theta^2>: [   0.115386E+003   0.459883E+002   0.948452E+002   0.487694E+002]
 Mode kept T/F for each mode:    F  T  T  F
 Theta      Re(phi)        Im(phi)        Re(B_per)        Im(B_per)
-28.274334  -0.174182E-036   0.646461E-038   0.184462E-037  -0.165614E-036
-28.109396  -0.785831E-036   0.293896E-037   0.824859E-037  -0.741436E-036
-27.941671  -0.357758E-035   0.134857E-036   0.372125E-036  -0.334893E-035
-27.768104  -0.168134E-034   0.639011E-036   0.173236E-035  -0.156101E-034
-27.585130  -0.837661E-034   0.321156E-035   0.854458E-035  -0.770996E-034
-27.388529  -0.456512E-033   0.176689E-034   0.460645E-034  -0.416272E-033
-27.173894  -0.280808E-032   0.109822E-033   0.279998E-033  -0.253448E-032
-26.939296  -0.196532E-031   0.777511E-033   0.193416E-032  -0.175403E-031
-26.691422  -0.146729E-030   0.587647E-032   0.142407E-031  -0.129405E-030
-26.446900  -0.101673E-029   0.412197E-031   0.973248E-031  -0.886193E-030
-26.219129  -0.591199E-029   0.242440E-030   0.558649E-030  -0.509668E-029
-26.010592  -0.286347E-028   0.118672E-029   0.267383E-029  -0.244382E-028
-25.818084  -0.119787E-027   0.501348E-029   0.110624E-028  -0.101281E-027
-25.637443  -0.450457E-027   0.190299E-028   0.411666E-028  -0.377520E-027
-25.464985  -0.157348E-026   0.670753E-028   0.142352E-027  -0.130755E-026
-25.297634  -0.523727E-026   0.225248E-027   0.469132E-027  -0.431603E-026
-25.132741  -0.169533E-025   0.735630E-027   0.150363E-026  -0.138559E-025
-24.967858  -0.543290E-025   0.237870E-026   0.477046E-026  -0.440326E-025
-24.800536  -0.175341E-024   0.774834E-026   0.152381E-025  -0.140895E-024
-24.628127  -0.580539E-024   0.259036E-025   0.499110E-025  -0.462334E-024
-24.447561  -0.201530E-023   0.908543E-025   0.171285E-024  -0.158977E-023
-24.255156  -0.753290E-023   0.343430E-024   0.632299E-024  -0.588146E-023
-24.046754  -0.312569E-022   0.144289E-023   0.258756E-023  -0.241280E-022
-23.819145  -0.147454E-021   0.690288E-023   0.120180E-022  -0.112379E-021
-23.574738  -0.778060E-021   0.369954E-022   0.623265E-022  -0.584667E-021
-23.326806  -0.418483E-020   0.202263E-021   0.329185E-021  -0.309857E-020
-23.092043  -0.204378E-019   0.100375E-020   0.157928E-020  -0.149164E-019
-22.877256  -0.865807E-019   0.431694E-020   0.657864E-020  -0.623409E-019
-22.680537  -0.322802E-018   0.163260E-019   0.241408E-019  -0.229490E-018
-22.497479  -0.109224E-017   0.559988E-019   0.804499E-019  -0.767150E-018
-22.323855  -0.344972E-017   0.179226E-018   0.250354E-018  -0.239462E-017
-22.156098  -0.104011E-016   0.547499E-018   0.743827E-018  -0.713661E-017
-21.991149  -0.304792E-016   0.162562E-017   0.214777E-017  -0.206716E-016
-21.826211  -0.881577E-016   0.476523E-017   0.611942E-017  -0.590896E-016
-21.658486  -0.255403E-015   0.139973E-016   0.174547E-016  -0.169123E-015
-21.484918  -0.752787E-015   0.418575E-016   0.506114E-016  -0.492184E-015
-21.301945  -0.229818E-014   0.129774E-015   0.151827E-015  -0.148239E-014
-21.105344  -0.741962E-014   0.426066E-015   0.480879E-015  -0.471603E-014
-20.890709  -0.258465E-013   0.151204E-014   0.163990E-014  -0.161639E-013
-20.656110  -0.974915E-013   0.582201E-014   0.604054E-014  -0.598823E-013
-20.408237  -0.380323E-012   0.232198E-013   0.229681E-013  -0.229144E-012
-20.163714  -0.139585E-011   0.871266E-013   0.821447E-013  -0.824928E-012
-19.935944  -0.451109E-011   0.287514E-012   0.259021E-012  -0.261788E-011
-19.727406  -0.128047E-010   0.832066E-012   0.718504E-012  -0.730637E-011
-19.534899  -0.327653E-010   0.216807E-011   0.179903E-011  -0.184021E-010
-19.354257  -0.777074E-010   0.523152E-011   0.417848E-011  -0.429887E-010
-19.181799  -0.174673E-009   0.119586E-010   0.920242E-011  -0.952216E-010
-19.014449  -0.378558E-009   0.263507E-010   0.195416E-010  -0.203388E-009
-18.849556  -0.801717E-009   0.567427E-010   0.405403E-010  -0.424485E-009
-18.684673  -0.167822E-008   0.120810E-009   0.830811E-010  -0.875398E-009
-18.517350  -0.350963E-008   0.257117E-009   0.169938E-009  -0.180258E-008
-18.344942  -0.741508E-008   0.553342E-009   0.350684E-009  -0.374679E-008
-18.164375  -0.160315E-007   0.122020E-008   0.739064E-009  -0.795967E-008
-17.971970  -0.360104E-007   0.280071E-008   0.161374E-008  -0.175378E-007
-17.763568  -0.854535E-007   0.680869E-008   0.370819E-008  -0.407254E-007
-17.535960  -0.216719E-006   0.177472E-007   0.906110E-008  -0.100761E-006
-17.291553  -0.579605E-006   0.489429E-007   0.232227E-007  -0.262055E-006
-17.043621  -0.154317E-005   0.134617E-006   0.590275E-007  -0.677145E-006
-16.808858  -0.382417E-005   0.344500E-006   0.139538E-006  -0.162859E-005
-16.594070  -0.861407E-005   0.800140E-006   0.300094E-006  -0.356413E-005
-16.397352  -0.178349E-004   0.170563E-005   0.593758E-006  -0.717696E-005
-16.214294  -0.346051E-004   0.340380E-005   0.110123E-005  -0.135521E-004
-16.040670  -0.639979E-004   0.647091E-005   0.194565E-005  -0.243943E-004
-15.872912  -0.114283E-003   0.118773E-004   0.331468E-005  -0.423858E-004
-15.707964  -0.199014E-003   0.212667E-004   0.549460E-005  -0.717640E-004
-15.543026  -0.340669E-003   0.374578E-004   0.892426E-005  -0.119287E-003
-15.375300  -0.577233E-003   0.653833E-004   0.142836E-004  -0.195914E-003
-15.201733  -0.974671E-003   0.113928E-003   0.226421E-004  -0.319829E-003
-15.018760  -0.165148E-002   0.199690E-003   0.357095E-004  -0.522087E-003
-14.822158  -0.282785E-002   0.354905E-003   0.562264E-004  -0.857025E-003
-14.607524  -0.491810E-002   0.643511E-003   0.883755E-004  -0.141928E-002
-14.372925  -0.865192E-002   0.118635E-002   0.137222E-003  -0.235725E-002
-14.125051  -0.150138E-001   0.216633E-002   0.204405E-003  -0.382914E-002
-13.880529  -0.246854E-001   0.375092E-002   0.281104E-003  -0.586191E-002
-13.652759  -0.376259E-001   0.600702E-002   0.350237E-003  -0.830410E-002
-13.444221  -0.534493E-001   0.893829E-002   0.395772E-003  -0.109557E-001
-13.251713  -0.717982E-001   0.125445E-001   0.405578E-003  -0.136464E-001
-13.071072  -0.923874E-001   0.168353E-001   0.370032E-003  -0.162298E-001
-12.898614  -0.114940E+000   0.218229E-001   0.280917E-003  -0.185637E-001
-12.731263  -0.139124E+000   0.275109E-001   0.131353E-003  -0.204968E-001
-12.566371  -0.164495E+000   0.338819E-001  -0.835229E-004  -0.218633E-001
-12.401487  -0.190459E+000   0.408857E-001  -0.365279E-003  -0.224829E-001
-12.234165  -0.216218E+000   0.484206E-001  -0.710154E-003  -0.221640E-001
-12.061757  -0.240707E+000   0.563062E-001  -0.110582E-002  -0.207130E-001
-11.881190  -0.262501E+000   0.642371E-001  -0.152601E-002  -0.179571E-001
-11.688785  -0.279686E+000   0.716988E-001  -0.192130E-002  -0.138004E-001
-11.480383  -0.289806E+000   0.778395E-001  -0.220548E-002  -0.836512E-002
-11.252774  -0.290304E+000   0.813801E-001  -0.224748E-002  -0.229380E-002
-11.008367  -0.280557E+000   0.809993E-001  -0.191738E-002   0.290041E-002
-10.760435  -0.265068E+000   0.767798E-001  -0.124332E-002   0.532434E-002
-10.525672  -0.251788E+000   0.710677E-001  -0.485749E-003   0.444768E-002
-10.310885  -0.245604E+000   0.666257E-001   0.812407E-004   0.147229E-002
-10.114167  -0.246816E+000   0.649630E-001   0.343154E-003  -0.204513E-002
 -9.931109  -0.253461E+000   0.663489E-001   0.327576E-003  -0.502608E-002
 -9.757485  -0.263097E+000   0.702519E-001   0.143681E-003  -0.697238E-002
 -9.589727  -0.273629E+000   0.756547E-001  -0.636545E-004  -0.786184E-002
 -9.424778  -0.283695E+000   0.812737E-001  -0.149696E-003  -0.801740E-002
 -9.259841  -0.292840E+000   0.857636E-001  -0.318440E-005  -0.796578E-002
 -9.092115  -0.301549E+000   0.879489E-001   0.420995E-003  -0.827694E-002
 -8.918548  -0.311109E+000   0.871049E-001   0.107200E-002  -0.938194E-002
 -8.735574  -0.323270E+000   0.833118E-001   0.178209E-002  -0.113753E-001
 -8.538973  -0.339621E+000   0.778995E-001   0.227070E-002  -0.138265E-001
 -8.324338  -0.360618E+000   0.738814E-001   0.222050E-002  -0.157013E-001
 -8.089740  -0.384562E+000   0.756305E-001   0.152384E-002  -0.157270E-001
 -7.841866  -0.408400E+000   0.858563E-001   0.667975E-003  -0.136411E-001
 -7.597344  -0.431886E+000   0.101020E+000   0.557412E-003  -0.110430E-001
 -7.369574  -0.458499E+000   0.113769E+000   0.151505E-002  -0.948426E-002
 -7.161036  -0.490274E+000   0.119683E+000   0.305702E-002  -0.878003E-002
 -6.968528  -0.525382E+000   0.118425E+000   0.449189E-002  -0.780155E-002
 -6.787887  -0.559415E+000   0.111811E+000   0.530367E-002  -0.554171E-002
 -6.615429  -0.587083E+000   0.102345E+000   0.523697E-002  -0.154682E-002
 -6.448078  -0.603433E+000   0.924798E-001   0.427766E-002   0.402081E-002
 -6.283185  -0.604709E+000   0.842350E-001   0.260900E-002   0.104737E-001
 -6.118302  -0.588992E+000   0.789508E-001   0.558311E-003   0.167742E-001
 -5.950980  -0.556627E+000   0.771097E-001  -0.146579E-002   0.217725E-001
 -5.778572  -0.510415E+000   0.782039E-001  -0.304737E-002   0.245018E-001
 -5.598005  -0.455492E+000   0.806519E-001  -0.385067E-002   0.245207E-001
 -5.405600  -0.398743E+000   0.818122E-001  -0.372625E-002   0.222863E-001
 -5.197198  -0.347293E+000   0.783077E-001  -0.283816E-002   0.194552E-001
 -4.969589  -0.305239E+000   0.673164E-001  -0.175987E-002   0.186640E-001
 -4.725182  -0.269181E+000   0.496832E-001  -0.129531E-002   0.217655E-001
 -4.477250  -0.229706E+000   0.322187E-001  -0.176356E-002   0.270957E-001
 -4.242487  -0.183013E+000   0.220574E-001  -0.262813E-002   0.311140E-001
 -4.027700  -0.133632E+000   0.196616E-001  -0.330217E-002   0.330835E-001
 -3.830981  -0.857411E-001   0.209604E-001  -0.365952E-002   0.347058E-001
 -3.647923  -0.394350E-001   0.216542E-001  -0.382804E-002   0.374895E-001
 -3.474300   0.778699E-002   0.190015E-001  -0.395380E-002   0.416450E-001
 -3.306542   0.587334E-001   0.121204E-001  -0.412056E-002   0.462370E-001
 -3.141593   0.114950E+000   0.179713E-002  -0.435676E-002   0.498213E-001
 -2.976655   0.176050E+000  -0.991252E-002  -0.466697E-002   0.511559E-001
 -2.808930   0.239865E+000  -0.202522E-001  -0.505147E-002   0.497566E-001
 -2.635363   0.303204E+000  -0.265272E-001  -0.549468E-002   0.461382E-001
 -2.452389   0.362977E+000  -0.270987E-001  -0.591933E-002   0.416305E-001
 -2.255788   0.417322E+000  -0.226494E-001  -0.612962E-002   0.377291E-001
 -2.041153   0.466423E+000  -0.175105E-001  -0.582893E-002   0.350734E-001
 -1.806554   0.512670E+000  -0.194888E-001  -0.490946E-002   0.326860E-001
 -1.558681   0.560193E+000  -0.340165E-001  -0.404619E-002   0.291520E-001
 -1.314158   0.613955E+000  -0.547260E-001  -0.447767E-002   0.254369E-001
 -1.086388   0.677319E+000  -0.682914E-001  -0.642373E-002   0.236777E-001
 -0.877851   0.749119E+000  -0.680325E-001  -0.878911E-002   0.237640E-001
 -0.685343   0.823772E+000  -0.557249E-001  -0.102796E-001   0.237624E-001
 -0.504702   0.893453E+000  -0.370748E-001  -0.100950E-001   0.217684E-001
 -0.332243   0.950156E+000  -0.183805E-001  -0.804557E-002   0.168547E-001
 -0.164893   0.987152E+000  -0.488822E-002  -0.445384E-002   0.922785E-002
  0.000000   0.100000E+001  -0.247764E-015   0.327436E-006  -0.764394E-006
  0.164883   0.987152E+000  -0.488804E-002   0.445426E-002  -0.922892E-002
  0.332206   0.950163E+000  -0.183773E-001   0.804545E-002  -0.168546E-001
  0.504614   0.893480E+000  -0.370654E-001   0.100948E-001  -0.217678E-001
  0.685181   0.823831E+000  -0.557103E-001   0.102804E-001  -0.237625E-001
  0.877586   0.749214E+000  -0.680228E-001   0.879204E-002  -0.237649E-001
  1.085988   0.677443E+000  -0.683049E-001   0.642827E-002  -0.236765E-001
  1.313596   0.614092E+000  -0.547735E-001   0.448075E-002  -0.254292E-001
  1.558003   0.560327E+000  -0.340723E-001   0.404507E-002  -0.291405E-001
  1.805935   0.512789E+000  -0.195110E-001   0.490664E-002  -0.326785E-001
  2.040698   0.466522E+000  -0.175045E-001   0.582768E-002  -0.350687E-001
  2.255485   0.417400E+000  -0.226409E-001   0.612973E-002  -0.377237E-001
  2.452204   0.363033E+000  -0.270976E-001   0.591971E-002  -0.416252E-001
  2.635262   0.303238E+000  -0.265310E-001   0.549486E-002  -0.461345E-001
  2.808886   0.239879E+000  -0.202562E-001   0.505146E-002  -0.497546E-001
  2.976644   0.176053E+000  -0.991481E-002   0.466691E-002  -0.511545E-001
  3.141592   0.114949E+000   0.179564E-002   0.435675E-002  -0.498201E-001
  3.306530   0.587381E-001   0.121181E-001   0.412064E-002  -0.462362E-001
  3.474256   0.780275E-002   0.189979E-001   0.395393E-002  -0.416451E-001
  3.647823  -0.394025E-001   0.216508E-001   0.382817E-002  -0.374905E-001
  3.830796  -0.856847E-001   0.209584E-001   0.365974E-002  -0.347065E-001
  4.027398  -0.133544E+000   0.196579E-001   0.330287E-002  -0.330842E-001
  4.242032  -0.182894E+000   0.220405E-001   0.262980E-002  -0.311185E-001
  4.476631  -0.229577E+000   0.321760E-001   0.176561E-002  -0.271081E-001
  4.724505  -0.269066E+000   0.496261E-001   0.129541E-002  -0.217782E-001
  4.969027  -0.305131E+000   0.672750E-001   0.175768E-002  -0.186660E-001
  5.196797  -0.347185E+000   0.782886E-001   0.283593E-002  -0.194500E-001
  5.405335  -0.398646E+000   0.818049E-001   0.372525E-002  -0.222811E-001
  5.597843  -0.455418E+000   0.806470E-001   0.385061E-002  -0.245181E-001
  5.778484  -0.510363E+000   0.781982E-001   0.304753E-002  -0.245009E-001
  5.950942  -0.556590E+000   0.771034E-001   0.146572E-002  -0.217717E-001
  6.118293  -0.588960E+000   0.789449E-001  -0.558626E-003  -0.167730E-001
  6.283185  -0.604677E+000   0.842298E-001  -0.260930E-002  -0.104727E-001
  6.448069  -0.603401E+000   0.924742E-001  -0.427774E-002  -0.402048E-002
  6.615391  -0.587056E+000   0.102337E+000  -0.523685E-002   0.154594E-002
  6.787799  -0.559399E+000   0.111800E+000  -0.530374E-002   0.553992E-002
  6.968366  -0.525383E+000   0.118414E+000  -0.449277E-002   0.779969E-002
  7.160771  -0.490292E+000   0.119679E+000  -0.305906E-002   0.877848E-002
  7.369173  -0.458529E+000   0.113781E+000  -0.151760E-002   0.948169E-002
  7.596782  -0.431922E+000   0.101051E+000  -0.558511E-003   0.110369E-001
  7.841189  -0.408443E+000   0.858908E-001  -0.666271E-003   0.136328E-001
  8.089121  -0.384606E+000   0.756433E-001  -0.152142E-002   0.157232E-001
  8.323884  -0.360649E+000   0.738743E-001  -0.221967E-002   0.157029E-001
  8.538671  -0.339632E+000   0.778875E-001  -0.227117E-002   0.138294E-001
  8.735389  -0.323267E+000   0.833029E-001  -0.178283E-002   0.113766E-001
  8.918447  -0.311099E+000   0.870998E-001  -0.107250E-002   0.938145E-002
  9.092071  -0.301536E+000   0.879458E-001  -0.421227E-003   0.827552E-002
  9.259829  -0.292827E+000   0.857614E-001   0.305924E-005   0.796410E-002
  9.424777  -0.283684E+000   0.812722E-001   0.149566E-003   0.801572E-002
  9.589715  -0.273622E+000   0.756546E-001   0.635189E-004   0.786026E-002
  9.757441  -0.263094E+000   0.702537E-001  -0.143776E-003   0.697128E-002
  9.931008  -0.253462E+000   0.663517E-001  -0.327655E-003   0.502633E-002
 10.113982  -0.246818E+000   0.649642E-001  -0.343419E-003   0.204771E-002
 10.310583  -0.245598E+000   0.666218E-001  -0.820566E-004  -0.146746E-002
 10.525218  -0.251764E+000   0.710569E-001   0.484095E-003  -0.444346E-002
 10.759816  -0.265026E+000   0.767664E-001   0.124115E-002  -0.532665E-002
 11.007690  -0.280518E+000   0.809941E-001   0.191581E-002  -0.291225E-002
 11.252212  -0.290293E+000   0.813873E-001   0.224708E-002   0.227865E-002
 11.479982  -0.289819E+000   0.778532E-001   0.220577E-002   0.835328E-002
 11.688520  -0.279710E+000   0.717130E-001   0.192173E-002   0.137934E-001
 11.881028  -0.262523E+000   0.642491E-001   0.152632E-002   0.179538E-001
 12.061669  -0.240723E+000   0.563155E-001   0.110597E-002   0.207118E-001
 12.234127  -0.216228E+000   0.484275E-001   0.710173E-003   0.221636E-001
 12.401478  -0.190464E+000   0.408912E-001   0.365239E-003   0.224827E-001
 12.566371  -0.164499E+000   0.338868E-001   0.834743E-004   0.218631E-001
 12.731254  -0.139129E+000   0.275156E-001  -0.131386E-003   0.204967E-001
 12.898576  -0.114949E+000   0.218280E-001  -0.280925E-003   0.185640E-001
 13.070984  -0.924012E-001   0.168411E-001  -0.370028E-003   0.162309E-001
 13.251551  -0.718183E-001   0.125509E-001  -0.405589E-003   0.136487E-001
 13.443956  -0.534753E-001   0.894511E-002  -0.395829E-003   0.109594E-001
 13.652358  -0.376557E-001   0.601378E-002  -0.350365E-003   0.830909E-002
 13.879967  -0.247148E-001   0.375688E-002  -0.281301E-003   0.586754E-002
 14.124374  -0.150370E-001   0.217066E-002  -0.204620E-003   0.383411E-002
 14.372306  -0.866556E-002   0.118878E-002  -0.137382E-003   0.236044E-002
 14.607069  -0.492452E-002   0.644656E-003  -0.884655E-004   0.142088E-002
 14.821856  -0.283055E-002   0.355413E-003  -0.562694E-004   0.857728E-003
 15.018574  -0.165254E-002   0.199915E-003  -0.357278E-004   0.522366E-003
 15.201633  -0.975055E-003   0.114029E-003  -0.226490E-004   0.319927E-003
 15.375256  -0.577358E-003   0.654314E-004  -0.142857E-004   0.195941E-003
 15.543014  -0.340707E-003   0.374823E-004  -0.892472E-005   0.119292E-003
 15.707963  -0.199029E-003   0.212805E-004  -0.549470E-005   0.717642E-004
 15.872901  -0.114296E-003   0.118859E-004  -0.331486E-005   0.423875E-004
 16.040626  -0.640135E-004   0.647669E-005  -0.194598E-005   0.243982E-004
 16.214193  -0.346216E-004   0.340778E-005  -0.110165E-005   0.135573E-004
 16.397167  -0.178498E-004   0.170833E-005  -0.594185E-006   0.718217E-005
 16.593768  -0.862562E-005   0.801857E-006  -0.300454E-006   0.356846E-005
 16.808403  -0.383180E-005   0.345488E-006  -0.139792E-006   0.163160E-005
 17.043002  -0.154727E-005   0.135101E-006  -0.591723E-007   0.678830E-006
 17.290875  -0.581284E-006   0.491336E-007  -0.232852E-007   0.262770E-006
 17.535397  -0.217259E-006   0.178098E-007  -0.908205E-008   0.100996E-006
 17.763168  -0.856112E-007   0.682850E-008  -0.371448E-008   0.407950E-007
 17.971705  -0.360557E-007   0.280730E-008  -0.161557E-008   0.175577E-007
 18.164213  -0.160443E-007   0.122254E-008  -0.739576E-009   0.796517E-008
 18.344854  -0.741858E-008   0.554242E-009  -0.350814E-009   0.374816E-008
 18.517312  -0.351052E-008   0.257488E-009  -0.169965E-009   0.180285E-008
 18.684663  -0.167844E-008   0.120973E-009  -0.830841E-010   0.875423E-009
 18.849556  -0.801793E-009   0.568197E-010  -0.405404E-010   0.424482E-009
 19.014439  -0.378609E-009   0.263885E-010  -0.195423E-010   0.203394E-009
 19.181761  -0.174720E-009   0.119780E-010  -0.920397E-011   0.952370E-010
 19.354170  -0.777478E-010   0.524154E-011  -0.418021E-011   0.430062E-010
 19.534737  -0.327952E-010   0.217319E-011  -0.180046E-011   0.184167E-010
 19.727141  -0.128238E-010   0.834559E-012  -0.719478E-012   0.731628E-011
 19.935544  -0.452134E-011   0.288621E-012  -0.259570E-012   0.262345E-011
 20.163152  -0.140033E-011   0.875506E-013  -0.823947E-013   0.827446E-012
 20.407559  -0.381816E-012   0.233511E-013  -0.230541E-013   0.230005E-012
 20.655491  -0.978612E-013   0.585455E-014  -0.606237E-014   0.600992E-013
 20.890254  -0.259240E-013   0.151936E-014  -0.164455E-014   0.162098E-013
 21.105041  -0.743531E-014   0.427775E-015  -0.481825E-015   0.472531E-014
 21.301760  -0.230134E-014   0.130205E-015  -0.152015E-015   0.148422E-014
 21.484818  -0.753404E-015   0.419751E-016  -0.506464E-016   0.492523E-015
 21.658442  -0.255516E-015   0.140320E-016  -0.174603E-016   0.169175E-015
 21.826200  -0.881769E-016   0.477621E-017  -0.612001E-017   0.590949E-016
 21.991148  -0.304836E-016   0.162933E-017  -0.214782E-017   0.206719E-016
 22.156086  -0.104034E-016   0.548822E-018  -0.743900E-018   0.713727E-017
 22.323811  -0.345132E-017   0.179712E-018  -0.250437E-018   0.239541E-017
 22.497379  -0.109321E-017   0.561777E-019  -0.805100E-019   0.767720E-018
 22.680352  -0.323293E-018   0.163896E-019  -0.241740E-019   0.229805E-018
 22.876953  -0.867891E-019   0.433792E-020  -0.659343E-020   0.624811E-019
 23.091588  -0.205098E-019   0.100983E-020  -0.158457E-020   0.149664E-019
 23.326187  -0.420411E-020   0.203726E-021  -0.330640E-021   0.311228E-020
 23.574060  -0.781904E-021   0.372785E-022  -0.626226E-022   0.587448E-021
 23.818583  -0.148071E-021   0.695096E-023  -0.120662E-022   0.112829E-021
 24.046353  -0.313525E-022   0.145140E-023  -0.259504E-023   0.241977E-022
 24.254891  -0.754843E-023   0.345133E-024  -0.633501E-024   0.589263E-023
 24.447399  -0.201792E-023   0.912403E-025  -0.171481E-024   0.159159E-023
 24.628040  -0.580980E-024   0.260010E-025  -0.499414E-025   0.462613E-024
 24.800498  -0.175411E-024   0.777510E-026  -0.152420E-025   0.140930E-024
 24.967849  -0.543401E-025   0.238657E-026  -0.477073E-026   0.440348E-025
 25.132741  -0.169558E-025   0.738062E-027  -0.150363E-026   0.138558E-025
 25.297624  -0.523836E-026   0.226018E-027  -0.469158E-027   0.431626E-026
 25.464947  -0.157414E-026   0.673226E-028  -0.142389E-027   0.130789E-026
 25.637355  -0.450818E-027   0.191085E-028  -0.411930E-028   0.377761E-027
 25.817922  -0.119955E-027   0.503752E-029  -0.110760E-028   0.101406E-027
 26.010327  -0.286994E-028   0.119353E-029  -0.267941E-029   0.244892E-028
 26.218729  -0.593225E-029   0.244133E-030  -0.560461E-030   0.511321E-029
 26.446338  -0.102162E-029   0.415682E-031  -0.977736E-031   0.890281E-030
 26.690745  -0.147584E-030   0.593270E-032  -0.143208E-031   0.130133E-030
 26.938677  -0.197629E-031   0.784829E-033  -0.194457E-032   0.176347E-031
 27.173440  -0.282038E-032   0.110732E-033  -0.281170E-033   0.254509E-032
 27.388227  -0.457913E-033   0.177933E-034  -0.461973E-034   0.417471E-033
 27.584945  -0.839323E-034   0.323089E-035  -0.855999E-035   0.772384E-034
 27.768003  -0.168331E-034   0.642381E-036  -0.173409E-035   0.156257E-034
 27.941627  -0.357983E-035   0.135502E-036  -0.372294E-036   0.335043E-035
 28.109385  -0.786074E-036   0.295227E-037  -0.824970E-037   0.741534E-036
 28.274333  -0.174217E-036   0.649364E-038  -0.184468E-037   0.165619E-036
