 nmodes=            3  nfields=            2  max_plot=          289
 ky=   0.1127384634636953        width=    1.000000000000000     
 theta     ((Re(field_i), Im(field_i),i=(1,nfields)),j=1,nmodes)
Tearing metric:  [   0.159679E-003   0.106660E-003   0.199709E+001   0.684156E-003 ]
DEP: [   0.323126E-002   0.588056E-002   0.666869E-002   0.000000E+000]
chi_th: [  -0.233739E+003  -0.935855E+001  -0.170329E+004   0.000000E+000]
chi_i: [  -0.113034E+004  -0.198701E+004  -0.936315E+004   0.000000E+000]
chi_i_cond: [  -0.689221E+003  -0.140080E+004  -0.602295E+004   0.000000E+000]
chi_e: [   0.127506E+004   0.321715E+004   0.161842E+004   0.000000E+000]
chi_e_cond: [   0.294795E+002   0.794744E+003   0.793009E+003   0.000000E+000]
i_QL_cond_flux: [  -0.398295E-003  -0.809511E-003  -0.348061E-002   0.000000E+000]
e_QL_cond_flux: [   0.294795E-004   0.794744E-003   0.793009E-003   0.000000E+000]
QL_ratio: [   0.647373E+002   0.464322E+002   0.937889E+001             NaN]
EP QL convective fraction: [   0.827485E+000   0.103306E+001   0.134890E+001             NaN]
<theta^2>: [   0.200928E+002   0.942675E+001   0.315862E+002   0.246686E+002]
 Mode kept T/F for each mode:    T  T  F  F
 Theta      Re(phi)        Im(phi)        Re(B_per)        Im(B_per)
-28.274335  -0.706032E-143  -0.995482E-144   0.365755E-143  -0.158619E-142
-28.108188  -0.125743E-140  -0.177297E-141   0.646651E-141  -0.280436E-140
-27.939083  -0.229655E-138  -0.323819E-139   0.117224E-138  -0.508367E-138
-27.763770  -0.460080E-136  -0.648739E-137   0.233034E-136  -0.101060E-135
-27.578463  -0.109021E-133  -0.153730E-134   0.547744E-134  -0.237539E-133
-27.378749  -0.331573E-131  -0.467560E-132   0.165159E-131  -0.716235E-131
-27.160408  -0.137710E-128  -0.194193E-129   0.679616E-129  -0.294724E-128
-26.922975  -0.744853E-126  -0.105039E-126   0.363987E-126  -0.157847E-125
-26.675945  -0.394796E-123  -0.556757E-124   0.190998E-123  -0.828276E-123
-26.436197  -0.136786E-120  -0.192905E-121   0.655464E-121  -0.284244E-120
-26.213928  -0.257384E-118  -0.362990E-119   0.122265E-118  -0.530204E-118
-26.009474  -0.278091E-116  -0.392202E-117   0.131058E-116  -0.568331E-116
-25.819292  -0.196196E-114  -0.276708E-115   0.917878E-115  -0.398035E-114
-25.639531  -0.101763E-112  -0.143526E-113   0.472813E-113  -0.205032E-112
-25.466919  -0.426334E-111  -0.601306E-112   0.196777E-111  -0.853307E-111
-25.298759  -0.155389E-109  -0.219167E-110   0.712591E-110  -0.309008E-109
-25.132741  -0.523980E-108  -0.739052E-109   0.238754E-108  -0.103533E-107
-24.966731  -0.172718E-106  -0.243615E-107   0.781937E-107  -0.339076E-106
-24.798595  -0.587149E-105  -0.828176E-106   0.264069E-105  -0.114509E-104
-24.626025  -0.217918E-103  -0.307380E-104   0.973385E-104  -0.422091E-103
-24.446325  -0.943102E-102  -0.133030E-102   0.418214E-102  -0.181350E-101
-24.256229  -0.515653E-100  -0.727369E-101   0.226880E-100  -0.983814E-100
-24.051891  -0.392453E-098  -0.553598E-099   0.171191E-098  -0.742327E-098
-23.829763  -0.458610E-096  -0.646933E-097   0.198126E-096  -0.859114E-096
-23.590143  -0.843361E-094  -0.118971E-094   0.360425E-094  -0.156286E-093
-23.343101  -0.202220E-091  -0.285273E-092   0.854222E-092  -0.370402E-091
-23.105524  -0.439972E-089  -0.620690E-090   0.183690E-089  -0.796497E-089
-22.887035  -0.686365E-087  -0.968312E-088   0.283351E-087  -0.122863E-086
-22.687205  -0.750116E-085  -0.105827E-085   0.306369E-085  -0.132842E-084
-22.501813  -0.613737E-083  -0.865886E-084   0.248105E-083  -0.107578E-082
-22.326445  -0.406068E-081  -0.572910E-082   0.162521E-081  -0.704685E-081
-22.157307  -0.232302E-079  -0.327755E-080   0.920631E-080  -0.399178E-079
-21.991150  -0.121564E-077  -0.171518E-078   0.477051E-078  -0.206844E-077
-21.825003  -0.611621E-076  -0.862966E-077   0.237640E-076  -0.103037E-075
-21.655897  -0.310352E-074  -0.437899E-075   0.119363E-074  -0.517534E-074
-21.480585  -0.166990E-072  -0.235622E-073   0.635497E-073  -0.275537E-072
-21.295277  -0.100721E-070  -0.142119E-071   0.379061E-071  -0.164351E-070
-21.095563  -0.722704E-069  -0.101977E-069   0.268775E-069  -0.116533E-068
-20.877223  -0.644553E-067  -0.909513E-068   0.236656E-067  -0.102606E-066
-20.639790  -0.687791E-065  -0.970543E-066   0.249090E-065  -0.107995E-064
-20.392759  -0.709873E-063  -0.100172E-063   0.253504E-063  -0.109908E-062
-20.153011  -0.526068E-061  -0.742360E-062   0.185361E-061  -0.803631E-061
-19.930742  -0.245158E-059  -0.345958E-060   0.853247E-060  -0.369922E-059
-19.726289  -0.751559E-058  -0.106058E-058   0.258646E-058  -0.112134E-057
-19.536107  -0.167043E-056  -0.235730E-057   0.568905E-057  -0.246642E-056
-19.356345  -0.294137E-055  -0.415086E-056   0.991919E-056  -0.430031E-055
-19.183733  -0.440002E-054  -0.620933E-055   0.146979E-054  -0.637200E-054
-19.015574  -0.590617E-053  -0.833487E-054   0.195463E-053  -0.847388E-053
-18.849556  -0.744068E-052  -0.105004E-052   0.243976E-052  -0.105770E-051
-18.683546  -0.915489E-051  -0.129196E-051   0.297387E-051  -0.128924E-050
-18.515410  -0.114300E-049  -0.161302E-050   0.367737E-050  -0.159421E-049
-18.342839  -0.150749E-048  -0.212741E-049   0.480164E-049  -0.208159E-048
-18.163139  -0.219907E-047  -0.310337E-048   0.693012E-048  -0.300429E-047
-17.973044  -0.375003E-046  -0.529211E-047   0.116820E-046  -0.506423E-046
-17.768705  -0.798668E-045  -0.112709E-045   0.245633E-045  -0.106483E-044
-17.546578  -0.226804E-043  -0.320065E-044   0.687549E-044  -0.298053E-043
-17.306958  -0.869399E-042  -0.122687E-042   0.259304E-042  -0.112407E-041
-17.059916  -0.392518E-040  -0.553900E-041   0.115025E-040  -0.498622E-040
-16.822339  -0.161905E-038  -0.228466E-039   0.466036E-039  -0.202020E-038
-16.603850  -0.519428E-037  -0.732947E-038   0.146943E-037  -0.636968E-037
-16.404020  -0.128004E-035  -0.180616E-036   0.356138E-036  -0.154378E-035
-16.218628  -0.254346E-034  -0.358871E-035   0.696348E-035  -0.301849E-034
-16.043259  -0.430385E-033  -0.607229E-034   0.115986E-033  -0.502766E-033
-15.874121  -0.649811E-032  -0.916769E-033   0.172394E-032  -0.747275E-032
-15.707964  -0.909841E-031  -0.128355E-031   0.237598E-031  -0.102991E-030
-15.541817  -0.122149E-029  -0.172310E-030   0.313888E-030  -0.136059E-029
-15.372712  -0.162237E-028  -0.228843E-029   0.410022E-029  -0.177729E-028
-15.197400  -0.220092E-027  -0.310424E-028   0.546632E-028  -0.236944E-027
-15.012092  -0.315657E-026  -0.445167E-027   0.769590E-027  -0.333588E-026
-14.812378  -0.495992E-025  -0.699404E-026   0.118529E-025  -0.513780E-025
-14.594038  -0.874694E-024  -0.123323E-024   0.204508E-024  -0.886471E-024
-14.356604  -0.168160E-022  -0.237046E-023   0.383952E-023  -0.166431E-022
-14.109574  -0.307149E-021  -0.432880E-022   0.684241E-022  -0.296601E-021
-13.869826  -0.443123E-020  -0.624371E-021   0.963823E-021  -0.417800E-020
-13.647557  -0.468010E-019  -0.659281E-020   0.995532E-020  -0.431554E-019
-13.443104  -0.374600E-018  -0.527569E-019   0.780552E-019  -0.338370E-018
-13.252922  -0.242389E-017  -0.341286E-018   0.495355E-018  -0.214742E-017
-13.073160  -0.134255E-016  -0.188984E-017   0.269312E-017  -0.116754E-016
-12.900548  -0.665281E-016  -0.936235E-017   0.131054E-016  -0.568171E-016
-12.732389  -0.305119E-015  -0.429266E-016   0.590328E-016  -0.255939E-015
-12.566371  -0.133080E-014  -0.187170E-015   0.252840E-015  -0.109624E-014
-12.400360  -0.565001E-014  -0.794383E-015   0.105365E-014  -0.456854E-014
-12.232225  -0.238591E-013  -0.335331E-014   0.436391E-014  -0.189226E-013
-12.059654  -0.102420E-012  -0.143887E-013   0.183516E-013  -0.795804E-013
-11.879954  -0.457730E-012  -0.642740E-013   0.802136E-013  -0.347866E-012
-11.689859  -0.218936E-011  -0.307250E-012   0.374360E-012  -0.162366E-011
-11.485520  -0.115642E-010  -0.162173E-011   0.192316E-011  -0.834204E-011
-11.263393  -0.693580E-010  -0.971779E-011   0.111697E-010  -0.484582E-010
-11.023772  -0.470526E-009  -0.658493E-010   0.729995E-010  -0.316765E-009
-10.776731  -0.332617E-008  -0.464814E-009   0.494839E-009  -0.214784E-008
-10.539154  -0.214009E-007  -0.298551E-008   0.304580E-008  -0.132247E-007
-10.320665  -0.115952E-006  -0.161444E-007   0.157789E-007  -0.685385E-007
-10.120834  -0.529289E-006  -0.735349E-007   0.688588E-007  -0.299238E-006
 -9.935443  -0.209579E-005  -0.290466E-006   0.260516E-006  -0.113272E-005
 -9.760074  -0.741484E-005  -0.102484E-005   0.879503E-006  -0.382644E-005
 -9.590936  -0.239966E-004  -0.330628E-005   0.271015E-005  -0.117996E-004
 -9.424779  -0.723051E-004  -0.992580E-005   0.775086E-005  -0.337757E-004
 -9.258632  -0.205572E-003  -0.280979E-004   0.208249E-004  -0.908451E-004
 -9.089527  -0.557207E-003  -0.757611E-004   0.530247E-004  -0.231618E-003
 -8.914214  -0.145144E-002  -0.196069E-003   0.128684E-003  -0.563054E-003
 -8.728907  -0.365377E-002  -0.489518E-003   0.298334E-003  -0.130824E-002
 -8.529193  -0.890276E-002  -0.117991E-002   0.658366E-003  -0.289570E-002
 -8.310852  -0.208345E-001  -0.272105E-002   0.136183E-002  -0.601499E-002
 -8.073419  -0.455549E-001  -0.583099E-002   0.254340E-002  -0.113012E-001
 -7.826389  -0.884860E-001  -0.110274E-001   0.404588E-002  -0.181248E-001
 -7.586641  -0.146908E+000  -0.177208E-001   0.526533E-002  -0.238218E-001
 -7.364372  -0.210172E+000  -0.244572E-001   0.565410E-002  -0.258141E-001
 -7.159918  -0.268328E+000  -0.301456E-001   0.520412E-002  -0.237791E-001
 -6.969736  -0.316925E+000  -0.346354E-001   0.437392E-002  -0.194357E-001
 -6.789975  -0.357208E+000  -0.386503E-001   0.380891E-002  -0.154100E-001
 -6.617363  -0.394729E+000  -0.435066E-001   0.408172E-002  -0.141768E-001
 -6.449203  -0.437443E+000  -0.507428E-001   0.548620E-002  -0.172273E-001
 -6.283185  -0.493398E+000  -0.616725E-001   0.789431E-002  -0.244971E-001
 -6.117175  -0.568149E+000  -0.768753E-001   0.107002E-001  -0.341404E-001
 -5.949039  -0.662078E+000  -0.956715E-001   0.128912E-001  -0.427898E-001
 -5.776469  -0.768212E+000  -0.115699E+000   0.132947E-001  -0.464618E-001
 -5.596769  -0.871556E+000  -0.132831E+000   0.110412E-001  -0.421871E-001
 -5.406673  -0.951632E+000  -0.141883E+000   0.620258E-002  -0.300986E-001
 -5.202335  -0.990255E+000  -0.138756E+000   0.330837E-003  -0.147726E-001
 -4.980208  -0.983976E+000  -0.124336E+000  -0.391157E-002  -0.295135E-002
 -4.740587  -0.949326E+000  -0.107294E+000  -0.507149E-002   0.438437E-002
 -4.493545  -0.900524E+000  -0.970660E-001  -0.504876E-002   0.141326E-001
 -4.255968  -0.833775E+000  -0.913234E-001  -0.543912E-002   0.239074E-001
 -4.037479  -0.758500E+000  -0.835172E-001  -0.521834E-002   0.252063E-001
 -3.837649  -0.689841E+000  -0.738839E-001  -0.476631E-002   0.240371E-001
 -3.652257  -0.620841E+000  -0.650674E-001  -0.524540E-002   0.290849E-001
 -3.476889  -0.538290E+000  -0.581004E-001  -0.597392E-002   0.365647E-001
 -3.307751  -0.445779E+000  -0.532170E-001  -0.560007E-002   0.382380E-001
 -3.141594  -0.356981E+000  -0.504233E-001  -0.447159E-002   0.350073E-001
 -2.975447  -0.274156E+000  -0.487116E-001  -0.416517E-002   0.350017E-001
 -2.806341  -0.185341E+000  -0.464330E-001  -0.488698E-002   0.400672E-001
 -2.631029  -0.849085E-001  -0.435067E-001  -0.489971E-002   0.417976E-001
 -2.445722   0.143478E-001  -0.422014E-001  -0.345190E-002   0.354129E-001
 -2.246007   0.101686E+000  -0.437042E-001  -0.259853E-002   0.299028E-001
 -2.027667   0.188461E+000  -0.447148E-001  -0.335479E-002   0.310963E-001
 -1.790234   0.277766E+000  -0.422126E-001  -0.298449E-002   0.272909E-001
 -1.543203   0.348406E+000  -0.398511E-001  -0.191866E-002   0.201423E-001
 -1.303456   0.409619E+000  -0.406469E-001  -0.290393E-002   0.226067E-001
 -1.081186   0.476923E+000  -0.423361E-001  -0.396664E-002   0.246053E-001
 -0.876733   0.541583E+000  -0.418791E-001  -0.448343E-002   0.211070E-001
 -0.686551   0.601722E+000  -0.369430E-001  -0.605009E-002   0.201355E-001
 -0.506790   0.664995E+000  -0.270193E-001  -0.831682E-002   0.238961E-001
 -0.334177   0.730382E+000  -0.145383E-001  -0.885048E-002   0.251357E-001
 -0.166018   0.782658E+000  -0.407915E-002  -0.584012E-002   0.168063E-001
  0.000000   0.802874E+000   0.422131E-016  -0.127581E-005  -0.457278E-005
  0.166010   0.782637E+000  -0.407352E-002   0.583758E-002  -0.168142E-001
  0.334146   0.730358E+000  -0.145255E-001   0.884844E-002  -0.251414E-001
  0.506717   0.664984E+000  -0.269990E-001   0.831637E-002  -0.239017E-001
  0.686416   0.601728E+000  -0.369184E-001   0.605107E-002  -0.201392E-001
  0.876512   0.541608E+000  -0.418559E-001   0.448402E-002  -0.211040E-001
  1.080851   0.476983E+000  -0.423174E-001   0.396727E-002  -0.246032E-001
  1.302978   0.409710E+000  -0.406303E-001   0.290704E-002  -0.226172E-001
  1.542598   0.348517E+000  -0.398282E-001   0.191862E-002  -0.201359E-001
  1.789640   0.277923E+000  -0.421834E-001   0.298124E-002  -0.272700E-001
  2.027217   0.188601E+000  -0.446940E-001   0.335663E-002  -0.310997E-001
  2.245706   0.101771E+000  -0.436885E-001   0.259920E-002  -0.299013E-001
  2.445536   0.143905E-001  -0.421829E-001   0.345065E-002  -0.354047E-001
  2.630928  -0.849108E-001  -0.434881E-001   0.489970E-002  -0.417966E-001
  2.806297  -0.185378E+000  -0.464171E-001   0.488765E-002  -0.400695E-001
  2.975434  -0.274209E+000  -0.486968E-001   0.416569E-002  -0.350030E-001
  3.141592  -0.357045E+000  -0.504084E-001   0.447218E-002  -0.350084E-001
  3.307738  -0.445847E+000  -0.532030E-001   0.560070E-002  -0.382390E-001
  3.476844  -0.538343E+000  -0.580880E-001   0.597471E-002  -0.365672E-001
  3.652156  -0.620868E+000  -0.650546E-001   0.524656E-002  -0.290904E-001
  3.837464  -0.689840E+000  -0.738665E-001   0.476679E-002  -0.240389E-001
  4.037178  -0.758461E+000  -0.834947E-001   0.521798E-002  -0.252032E-001
  4.255518  -0.833700E+000  -0.913038E-001   0.544045E-002  -0.239202E-001
  4.492952  -0.900460E+000  -0.970474E-001   0.505024E-002  -0.141612E-001
  4.739982  -0.949295E+000  -0.107259E+000   0.507210E-002  -0.439995E-002
  4.979730  -0.983991E+000  -0.124300E+000   0.391713E-002   0.293847E-002
  5.201999  -0.990329E+000  -0.138741E+000  -0.322514E-003   0.147563E-001
  5.406452  -0.951725E+000  -0.141888E+000  -0.619706E-002   0.300895E-001
  5.596634  -0.871622E+000  -0.132843E+000  -0.110398E-001   0.421883E-001
  5.776396  -0.768233E+000  -0.115708E+000  -0.132955E-001   0.464682E-001
  5.949008  -0.662064E+000  -0.956761E-001  -0.128922E-001   0.427959E-001
  6.117167  -0.568118E+000  -0.768769E-001  -0.107008E-001   0.341443E-001
  6.283185  -0.493364E+000  -0.616733E-001  -0.789449E-002   0.244995E-001
  6.449196  -0.437408E+000  -0.507440E-001  -0.548626E-002   0.172290E-001
  6.617331  -0.394695E+000  -0.435086E-001  -0.408174E-002   0.141779E-001
  6.789902  -0.357175E+000  -0.386533E-001  -0.380866E-002   0.154095E-001
  6.969602  -0.316902E+000  -0.346401E-001  -0.437317E-002   0.194327E-001
  7.159697  -0.268330E+000  -0.301534E-001  -0.520314E-002   0.237753E-001
  7.364036  -0.210217E+000  -0.244697E-001  -0.565393E-002   0.258142E-001
  7.586163  -0.146995E+000  -0.177377E-001  -0.526719E-002   0.238310E-001
  7.825784  -0.885842E-001  -0.110444E-001  -0.404968E-002   0.181425E-001
  8.072825  -0.456195E-001  -0.584233E-002  -0.254702E-002   0.113176E-001
  8.310402  -0.208608E-001  -0.272619E-002  -0.136386E-002   0.602400E-002
  8.528891  -0.891028E-002  -0.118174E-002  -0.659181E-003   0.289930E-002
  8.728722  -0.365511E-002  -0.490073E-003  -0.298598E-003   0.130940E-002
  8.914113  -0.145133E-002  -0.196217E-003  -0.128753E-003   0.563359E-003
  9.089482  -0.556975E-003  -0.757958E-004  -0.530384E-004   0.231678E-003
  9.258620  -0.205438E-003  -0.281054E-004  -0.208264E-004   0.908518E-004
  9.424777  -0.722502E-004  -0.992785E-005  -0.775090E-005   0.337760E-004
  9.590924  -0.239795E-004  -0.330725E-005  -0.271037E-005   0.118006E-004
  9.760029  -0.741120E-005  -0.102542E-005  -0.879793E-006   0.382771E-005
  9.935342  -0.209568E-005  -0.290769E-006  -0.260721E-006   0.113361E-005
 10.120649  -0.529633E-006  -0.736665E-007  -0.689626E-007   0.299690E-006
 10.320363  -0.116143E-006  -0.161901E-007  -0.158186E-007   0.687110E-007
 10.538704  -0.214624E-007  -0.299778E-008  -0.305726E-008   0.132745E-007
 10.776137  -0.333925E-008  -0.467239E-009  -0.497235E-009   0.215824E-008
 11.023167  -0.472394E-009  -0.661986E-010  -0.733593E-010   0.318326E-009
 11.262915  -0.695644E-010  -0.976014E-011  -0.112144E-010   0.486520E-010
 11.485184  -0.115847E-010  -0.162691E-011  -0.192864E-011   0.836582E-011
 11.689638  -0.219101E-011  -0.307928E-012  -0.375063E-012   0.162671E-011
 11.879819  -0.457718E-012  -0.643679E-013  -0.803048E-013   0.348262E-012
 12.059581  -0.102359E-012  -0.144020E-013  -0.183628E-013   0.796288E-013
 12.232193  -0.238359E-013  -0.335525E-014  -0.436503E-014   0.189274E-013
 12.400353  -0.564328E-014  -0.794689E-015  -0.105371E-014   0.456881E-014
 12.566371  -0.132911E-014  -0.187233E-015  -0.252841E-015   0.109625E-014
 12.732381  -0.304743E-015  -0.429437E-016  -0.590365E-016   0.255955E-015
 12.900516  -0.664591E-016  -0.936816E-017  -0.131091E-016   0.568328E-016
 13.073087  -0.134168E-016  -0.189180E-017  -0.269496E-017   0.116833E-016
 13.252787  -0.242385E-017  -0.341866E-018  -0.496015E-018   0.215028E-017
 13.442883  -0.374950E-018  -0.528985E-019  -0.782348E-019   0.339149E-018
 13.647221  -0.469083E-019  -0.661970E-020  -0.999193E-020   0.433141E-019
 13.869348  -0.444920E-020  -0.628044E-021  -0.969081E-021   0.420079E-020
 14.108969  -0.308914E-021  -0.436178E-022  -0.689148E-022   0.298728E-021
 14.356011  -0.169185E-022  -0.238945E-023  -0.386852E-023   0.167688E-022
 14.593587  -0.878882E-024  -0.124155E-024  -0.205796E-024   0.892052E-024
 14.812077  -0.497461E-025  -0.702872E-026  -0.119065E-025   0.516100E-025
 15.011907  -0.316067E-026  -0.446649E-027  -0.771817E-027   0.334553E-026
 15.197299  -0.220089E-027  -0.311061E-028  -0.547517E-028   0.237328E-027
 15.372667  -0.162083E-028  -0.229107E-029  -0.410317E-029   0.177857E-028
 15.541805  -0.121965E-029  -0.172417E-030  -0.313945E-030   0.136084E-029
 15.707962  -0.908280E-031  -0.128413E-031  -0.237599E-031   0.102991E-030
 15.874109  -0.648800E-032  -0.917356E-033  -0.172427E-032   0.747417E-032
 16.043215  -0.429954E-033  -0.607974E-034  -0.116075E-033   0.503151E-033
 16.218527  -0.254344E-034  -0.359682E-035  -0.697592E-035   0.302388E-034
 16.403834  -0.128195E-035  -0.181302E-036  -0.357316E-036   0.154888E-035
 16.603549  -0.521257E-037  -0.737248E-038  -0.147730E-037   0.640384E-037
 16.821889  -0.162863E-038  -0.230364E-039  -0.469662E-039   0.203592E-038
 17.059322  -0.395598E-040  -0.559598E-041  -0.116146E-040   0.503479E-040
 17.306353  -0.876117E-042  -0.123940E-042  -0.261809E-042   0.113493E-041
 17.546100  -0.228093E-043  -0.322689E-044  -0.692811E-044   0.300333E-043
 17.768370  -0.801343E-045  -0.113373E-045  -0.246947E-045   0.107053E-044
 17.972823  -0.375540E-046  -0.531329E-047  -0.117224E-046   0.508177E-046
 18.163005  -0.219908E-047  -0.311145E-048  -0.694445E-048   0.301050E-047
 18.342766  -0.150600E-048  -0.213087E-049  -0.480687E-049   0.208385E-048
 18.515379  -0.114111E-049  -0.161462E-050  -0.367903E-050   0.159493E-049
 18.683538  -0.913636E-051  -0.129279E-051  -0.297416E-051   0.128937E-050
 18.849556  -0.742474E-052  -0.105062E-052  -0.243977E-052   0.105770E-051
 19.015566  -0.589400E-053  -0.834034E-054  -0.195483E-053   0.847474E-053
 19.183702  -0.439248E-054  -0.621573E-055  -0.147048E-054   0.637499E-054
 19.356273  -0.293829E-055  -0.415801E-056  -0.993063E-056   0.430527E-055
 19.535972  -0.167045E-056  -0.236393E-057  -0.570177E-057   0.247193E-056
 19.726068  -0.752752E-058  -0.106527E-058  -0.259637E-058   0.112563E-057
 19.930407  -0.246089E-059  -0.348266E-060  -0.858422E-060   0.372165E-059
 20.152534  -0.529551E-061  -0.749438E-062  -0.187013E-061   0.810794E-061
 20.392154  -0.716457E-063  -0.101398E-063  -0.256444E-063   0.111182E-062
 20.639196  -0.694479E-065  -0.982895E-066  -0.252099E-065   0.109300E-064
 20.876773  -0.649433E-067  -0.919161E-068  -0.239013E-067   0.103628E-066
 21.095262  -0.726065E-069  -0.102764E-069  -0.270676E-069   0.117357E-068
 21.295092  -0.100926E-070  -0.142849E-071  -0.380763E-071   0.165089E-070
 21.480484  -0.166992E-072  -0.236360E-073  -0.637080E-073   0.276223E-072
 21.655852  -0.309915E-074  -0.438661E-075  -0.119494E-074   0.518102E-074
 21.824990  -0.610242E-076  -0.863763E-077  -0.237706E-076   0.103066E-075
 21.991148  -0.121254E-077  -0.171631E-078  -0.477054E-078   0.206845E-077
 22.157294  -0.231768E-079  -0.328063E-080  -0.920891E-080   0.399291E-079
 22.326400  -0.405473E-081  -0.573947E-082  -0.162707E-081   0.705490E-081
 22.501712  -0.613745E-083  -0.868766E-084  -0.248761E-083   0.107863E-082
 22.687020  -0.751778E-085  -0.106417E-085  -0.307863E-085   0.133490E-084
 22.886734  -0.689914E-087  -0.976609E-088  -0.285578E-087   0.123828E-086
 23.105074  -0.443766E-089  -0.628182E-090  -0.185774E-089   0.805533E-089
 23.342507  -0.204517E-091  -0.289513E-092  -0.866283E-092   0.375632E-091
 23.589538  -0.852740E-094  -0.120715E-094  -0.365439E-094   0.158461E-093
 23.829286  -0.462341E-096  -0.654503E-097  -0.200296E-096   0.868526E-096
 24.051555  -0.394328E-098  -0.558227E-099  -0.172496E-098   0.747983E-098
 24.256008  -0.516706E-100  -0.731479E-101  -0.227994E-100   0.988643E-100
 24.446190  -0.943130E-102  -0.133516E-102  -0.419433E-102   0.181879E-101
 24.625952  -0.217618E-103  -0.308078E-104  -0.974875E-104   0.422737E-103
 24.798564  -0.585803E-105  -0.829317E-106  -0.264236E-105   0.114582E-104
 24.966723  -0.172233E-106  -0.243831E-107  -0.782046E-107   0.339123E-106
 25.132741  -0.522429E-108  -0.739610E-109  -0.238755E-108   0.103533E-107
 25.298752  -0.154948E-109  -0.219364E-110  -0.712691E-110   0.309051E-109
 25.466887  -0.425331E-111  -0.602156E-112  -0.196904E-111   0.853860E-111
 25.639458  -0.101618E-112  -0.143865E-113  -0.473565E-113   0.205359E-112
 25.819158  -0.196203E-114  -0.277775E-115  -0.920703E-115   0.399260E-114
 26.009253  -0.278700E-116  -0.394575E-117  -0.131747E-116   0.571320E-116
 26.213592  -0.258724E-118  -0.366297E-119  -0.123280E-118   0.534607E-118
 26.435719  -0.138022E-120  -0.195411E-121  -0.663438E-121   0.287702E-120
 26.675340  -0.399774E-123  -0.566005E-124  -0.194011E-123   0.841341E-123
 26.922381  -0.754661E-126  -0.106847E-126  -0.369945E-126   0.160430E-125
 27.159958  -0.139116E-128  -0.196966E-129  -0.688748E-129   0.298684E-128
 27.378447  -0.333646E-131  -0.472397E-132  -0.166728E-131   0.723041E-131
 27.578278  -0.109319E-133  -0.154783E-134  -0.551035E-134   0.238966E-133
 27.763669  -0.460092E-136  -0.651441E-137  -0.233808E-136   0.101395E-135
 27.939038  -0.229228E-138  -0.324565E-139  -0.117395E-138   0.509108E-138
 28.108176  -0.125369E-140  -0.177513E-141  -0.646888E-141   0.280538E-140
 28.274333  -0.703661E-143  -0.996337E-144  -0.365757E-143   0.158620E-142
