 nmodes=            4  nfields=            2  max_plot=          289
 ky=   1.1379607023175791E-002   width=    1.122448979591837     
 theta     ((Re(field_i), Im(field_i),i=(1,nfields)),j=1,nmodes)
Tearing metric:  [   0.273962E-003   0.143202E-002   0.199771E+001   0.199777E+001 ]
DEP: [   0.848427E-004  -0.623866E-002   0.234156E-001   0.130018E-005]
chi_th: [  -0.479515E+001  -0.119068E+003   0.572848E+003  -0.936115E-001]
chi_i: [  -0.314714E+002   0.198920E+003  -0.404550E+004  -0.275241E+000]
chi_i_cond: [  -0.134735E+002  -0.187153E+003  -0.250203E+002  -0.143778E+000]
chi_e: [   0.119173E+002  -0.174990E+004   0.480673E+004   0.243162E+000]
chi_e_cond: [   0.148571E+001  -0.697925E+002   0.100555E+004  -0.573036E-001]
i_QL_cond_flux: [  -0.975132E-005  -0.135450E-003  -0.181083E-004  -0.104058E-006]
e_QL_cond_flux: [   0.148571E-005  -0.697925E-004   0.100555E-002  -0.573036E-007]
QL_ratio: [   0.191168E+003   0.788356E+004  -0.407600E+005   0.282358E+003]
EP QL convective fraction: [   0.572534E+000  -0.734945E-001  -0.399080E+000   0.556662E+000]
<theta^2>: [   0.510480E+001   0.380057E+002   0.365511E+002   0.910298E+001]
 Mode kept T/F for each mode:    T  F  F  F
 Theta      Re(phi)        Im(phi)        Re(B_per)        Im(B_per)
-28.274334   0.227735E-110  -0.256646E-110   0.261332E-111   0.767677E-110
-28.107860   0.124566E-108  -0.140292E-108   0.141679E-109   0.416723E-108
-27.938071   0.716801E-107  -0.806773E-107   0.807842E-108   0.237930E-106
-27.761176   0.473916E-105  -0.533033E-105   0.528979E-106   0.156020E-104
-27.572405   0.399965E-103  -0.449518E-103   0.441810E-104   0.130512E-102
-27.365548   0.488587E-101  -0.548656E-101   0.533516E-102   0.157877E-100
-27.133962   0.960359E-099  -0.107739E-098   0.103515E-099   0.306929E-098
-26.878523   0.270053E-096  -0.302638E-096   0.286968E-097   0.852770E-096
-26.621042   0.597792E-094  -0.669200E-094   0.626391E-095   0.186555E-093
-26.386005   0.605698E-092  -0.677402E-092   0.626914E-093   0.187080E-091
-26.176328   0.285315E-090  -0.318827E-090   0.292225E-091   0.873528E-090
-25.985191   0.779928E-089  -0.870899E-089   0.791512E-090   0.236958E-088
-25.805947   0.150158E-087  -0.167560E-087   0.151120E-088   0.453042E-087
-25.633766   0.233366E-086  -0.260244E-086   0.233018E-087   0.699484E-086
-25.465385   0.320607E-085  -0.357310E-085   0.317693E-086   0.954894E-085
-25.298754   0.412157E-084  -0.459054E-084   0.405337E-085   0.121989E-083
-25.132741   0.512130E-083  -0.570043E-083   0.499859E-084   0.150632E-082
-24.966731   0.626735E-082  -0.697161E-082   0.607067E-083   0.183180E-081
-24.800112   0.769329E-081  -0.855217E-081   0.739428E-082   0.223421E-080
-24.631759   0.976520E-080  -0.108480E-079   0.931104E-081   0.281731E-079
-24.459634   0.135027E-078  -0.149891E-078   0.127673E-079   0.386882E-078
-24.280484   0.220560E-077  -0.244647E-077   0.206664E-078   0.627262E-077
-24.089496   0.478896E-076  -0.530721E-076   0.444179E-077   0.135064E-075
-23.880041   0.162417E-074  -0.179803E-074   0.148859E-075   0.453628E-074
-23.645304   0.102209E-072  -0.113004E-072   0.923419E-074   0.282147E-072
-23.388008   0.116545E-070  -0.128654E-070   0.103526E-071   0.317327E-070
-23.132347   0.146159E-068  -0.161077E-068   0.127536E-069   0.392253E-068
-22.900469   0.121194E-066  -0.133350E-066   0.103981E-067   0.320857E-066
-22.693395   0.617052E-065  -0.677932E-065   0.521277E-066   0.161343E-064
-22.504475   0.215517E-063  -0.236447E-063   0.179460E-064   0.557056E-063
-22.327484   0.580608E-062  -0.636125E-062   0.476879E-063   0.148438E-061
-22.157640   0.132377E-060  -0.144840E-060   0.107283E-061   0.334853E-060
-21.991149   0.274857E-059  -0.300326E-059   0.219809E-060   0.687966E-059
-21.824675   0.553379E-058  -0.603814E-058   0.436609E-059   0.137039E-057
-21.654885   0.114739E-056  -0.125013E-056   0.892682E-058   0.281020E-056
-21.477991   0.261474E-055  -0.284439E-055   0.200433E-056   0.632985E-055
-21.289220   0.707250E-054  -0.768031E-054   0.533470E-055   0.169066E-053
-21.082363   0.248629E-052  -0.269466E-052   0.184197E-053   0.586072E-052
-20.850777   0.122364E-050  -0.132318E-050   0.888231E-052   0.283909E-050
-20.595338   0.769510E-049  -0.829977E-049   0.546113E-050   0.175456E-048
-20.337857   0.398210E-047  -0.428385E-047   0.276335E-048   0.892443E-047
-20.102820   0.114612E-045  -0.123008E-045   0.779694E-047   0.252989E-045
-19.893143   0.186824E-044  -0.200099E-044   0.124942E-045   0.407059E-044
-19.702006   0.203571E-043  -0.217636E-043   0.134106E-044   0.438508E-043
-19.522761   0.171050E-042  -0.182558E-042   0.111140E-043   0.364637E-042
-19.350581   0.122471E-041  -0.130498E-041   0.785427E-043   0.258520E-041
-19.182199   0.798292E-041  -0.849244E-041   0.505475E-042   0.166903E-040
-19.015569   0.493614E-040  -0.524272E-040   0.308617E-041   0.102227E-039
-18.849556   0.296368E-039  -0.314258E-039   0.182945E-040   0.607948E-039
-18.683546   0.175113E-038  -0.185370E-038   0.106704E-039   0.355764E-038
-18.516927   0.103143E-037  -0.108994E-037   0.620230E-039   0.207497E-037
-18.348573   0.618641E-037  -0.652547E-037   0.366944E-038   0.123198E-036
-18.176448   0.391778E-036  -0.412445E-036   0.229039E-037   0.771899E-036
-17.997299   0.277023E-035  -0.291010E-035   0.159416E-036   0.539503E-035
-17.806311   0.237082E-034  -0.248439E-034   0.134018E-035   0.455717E-034
-17.596856   0.273863E-033  -0.286134E-033   0.151582E-034   0.518383E-033
-17.362119   0.478338E-032  -0.497943E-032   0.258047E-033   0.888701E-032
-17.104823   0.123238E-030  -0.127716E-030   0.644753E-032   0.223952E-030
-16.849161   0.330531E-029  -0.340863E-029   0.167341E-030   0.586677E-029
-16.617283   0.653480E-028  -0.670664E-028   0.320582E-029   0.113416E-027
-16.410210   0.911258E-027  -0.930934E-027   0.434118E-028   0.154905E-026
-16.221290   0.970656E-026  -0.987240E-026   0.449796E-027   0.161820E-025
-16.044299   0.857060E-025  -0.867920E-025   0.386696E-026   0.140237E-024
-15.874455   0.668489E-024  -0.674007E-024   0.293775E-025   0.107394E-023
-15.707964   0.483880E-023  -0.485690E-023   0.207076E-024   0.763193E-023
-15.541490   0.338731E-022  -0.338404E-022   0.141055E-023   0.524294E-022
-15.371700   0.238322E-021  -0.236896E-021   0.964357E-023   0.361688E-021
-15.194805   0.175470E-020  -0.173461E-020   0.688462E-022   0.260754E-020
-15.006034   0.141612E-019  -0.139122E-019   0.537022E-021   0.205632E-019
-14.799177   0.132071E-018  -0.128815E-018   0.481866E-020   0.186845E-018
-14.567592   0.148094E-017  -0.143207E-017   0.516688E-019   0.203323E-017
-14.312152   0.187138E-016  -0.179157E-016   0.620651E-018   0.248407E-016
-14.054672   0.202987E-015  -0.192293E-015   0.639340E-017   0.260407E-015
-13.819635   0.150322E-014  -0.141007E-014   0.451800E-016   0.187003E-014
-13.609958   0.777405E-014  -0.722784E-014   0.224235E-015   0.941455E-014
-13.418820   0.312344E-013  -0.288038E-013   0.868232E-015   0.369269E-013
-13.239576   0.106532E-012  -0.974822E-013   0.286111E-014   0.123169E-012
-13.067396   0.327741E-012  -0.297624E-012   0.851502E-014   0.370893E-012
-12.899014   0.946032E-012  -0.852510E-012   0.237844E-013   0.104817E-011
-12.732384   0.262459E-011  -0.234646E-011   0.638304E-013   0.284656E-011
-12.566371   0.709243E-011  -0.628866E-011   0.166728E-012   0.752657E-011
-12.400360   0.188077E-010  -0.165320E-010   0.426907E-012   0.195167E-010
-12.233742   0.492786E-010  -0.429186E-010   0.107854E-011   0.499609E-010
-12.065388   0.128986E-009  -0.111231E-009   0.271680E-011   0.127613E-009
-11.893263   0.343510E-009  -0.293010E-009   0.694242E-011   0.331035E-009
-11.714114   0.956672E-009  -0.805962E-009   0.184672E-010   0.895424E-009
-11.523126   0.289453E-008  -0.240279E-008   0.529847E-010   0.261936E-008
-11.313671   0.998986E-008  -0.814091E-008   0.171470E-009   0.867819E-008
-11.078934   0.411200E-007  -0.327082E-007   0.650909E-009   0.339287E-007
-10.821638   0.195761E-006  -0.150872E-006   0.280249E-008   0.151493E-006
-10.565976   0.898927E-006  -0.667287E-006   0.115002E-007   0.647174E-006
-10.334098   0.339881E-005  -0.242369E-005   0.388409E-007   0.227405E-005
-10.127025   0.105046E-004  -0.718573E-005   0.107586E-006   0.653912E-005
 -9.938104   0.277915E-004  -0.182018E-004   0.255646E-006   0.160991E-004
 -9.761113   0.656297E-004  -0.410319E-004   0.542234E-006   0.353255E-004
 -9.591270   0.142555E-003  -0.847092E-004   0.105553E-005   0.710559E-004
 -9.424778   0.290852E-003  -0.163259E-003   0.192141E-005   0.133514E-003
 -9.258304   0.565821E-003  -0.297448E-003   0.331182E-005   0.237264E-003
 -9.088515   0.106121E-002  -0.516145E-003   0.544852E-005   0.401758E-003
 -8.911620   0.193458E-002  -0.855192E-003   0.859027E-005   0.650119E-003
 -8.722849   0.344609E-002  -0.134744E-002   0.129689E-004   0.100243E-002
 -8.515992   0.600013E-002  -0.198660E-002   0.185750E-004   0.145395E-002
 -8.284406   0.100907E-001  -0.263247E-002   0.245460E-004   0.192139E-002
 -8.028967   0.157690E-001  -0.290875E-002   0.280798E-004   0.218581E-002
 -7.771486   0.216907E-001  -0.254333E-002   0.253586E-004   0.206527E-002
 -7.536449   0.261817E-001  -0.193184E-002   0.162307E-004   0.170959E-002
 -7.326772   0.289254E-001  -0.160368E-002   0.384430E-005   0.135255E-002
 -7.135635   0.303292E-001  -0.174971E-002  -0.888676E-005   0.108736E-002
 -6.956391   0.308285E-001  -0.233058E-002  -0.201336E-004   0.916348E-003
 -6.784210   0.307443E-001  -0.321318E-002  -0.288952E-004   0.813176E-003
 -6.615829   0.303086E-001  -0.422499E-002  -0.348157E-004   0.748983E-003
 -6.449198   0.297054E-001  -0.517553E-002  -0.382187E-004   0.702141E-003
 -6.283185   0.290959E-001  -0.588312E-002  -0.402155E-004   0.662855E-003
 -6.117175   0.286249E-001  -0.621699E-002  -0.426347E-004   0.634426E-003
 -5.950556   0.284169E-001  -0.613720E-002  -0.476210E-004   0.629963E-003
 -5.782203   0.285747E-001  -0.570881E-002  -0.570387E-004   0.665757E-003
 -5.610078   0.291878E-001  -0.508926E-002  -0.719926E-004   0.755788E-003
 -5.430928   0.303511E-001  -0.450715E-002  -0.927558E-004   0.912362E-003
 -5.239941   0.321941E-001  -0.423758E-002  -0.119769E-003   0.116022E-002
 -5.030485   0.349454E-001  -0.453372E-002  -0.158282E-003   0.158042E-002
 -4.795748   0.391177E-001  -0.542124E-002  -0.231105E-003   0.237523E-002
 -4.538453   0.456723E-001  -0.641801E-002  -0.376808E-003   0.366613E-002
 -4.282791   0.548584E-001  -0.687324E-002  -0.552768E-003   0.478370E-002
 -4.050913   0.649066E-001  -0.674423E-002  -0.632717E-003   0.503106E-002
 -3.843839   0.741991E-001  -0.644271E-002  -0.606438E-003   0.483240E-002
 -3.654919   0.825154E-001  -0.639146E-002  -0.553867E-003   0.474210E-002
 -3.477928   0.902587E-001  -0.673694E-002  -0.525344E-003   0.481608E-002
 -3.308084   0.978111E-001  -0.731999E-002  -0.519452E-003   0.490382E-002
 -3.141593   0.105482E+000  -0.788697E-002  -0.524752E-003   0.502336E-002
 -2.975119   0.113716E+000  -0.832452E-002  -0.556579E-003   0.540182E-002
 -2.805329   0.123217E+000  -0.871506E-002  -0.651611E-003   0.623041E-002
 -2.628435   0.134854E+000  -0.916919E-002  -0.829011E-003   0.746109E-002
 -2.439664   0.149622E+000  -0.961084E-002  -0.107712E-002   0.903782E-002
 -2.232807   0.169361E+000  -0.985217E-002  -0.144292E-002   0.116138E-001
 -2.001221   0.198733E+000  -0.100770E-001  -0.216839E-002   0.167816E-001
 -1.745782   0.245503E+000  -0.108455E-001  -0.349704E-002   0.254939E-001
 -1.488301   0.313755E+000  -0.119431E-001  -0.539590E-002   0.380935E-001
 -1.253264   0.401645E+000  -0.126505E-001  -0.801161E-002   0.553964E-001
 -1.043587   0.505674E+000  -0.125162E-001  -0.111033E-001   0.740555E-001
 -0.852450   0.619328E+000  -0.112650E-001  -0.137461E-001   0.879802E-001
 -0.673206   0.733642E+000  -0.894711E-002  -0.149696E-001   0.923592E-001
 -0.501025   0.838659E+000  -0.597315E-002  -0.141423E-001   0.847583E-001
 -0.332644   0.924120E+000  -0.300963E-002  -0.110812E-001   0.650471E-001
 -0.166013   0.980338E+000  -0.812834E-003  -0.610054E-002   0.353655E-001
  0.000000   0.100000E+001  -0.565370E-016   0.937441E-007  -0.321175E-005
  0.166010   0.980331E+000  -0.812217E-003   0.610072E-002  -0.353717E-001
  0.332629   0.924111E+000  -0.300820E-002   0.110813E-001  -0.650520E-001
  0.500983   0.838660E+000  -0.597058E-002   0.141423E-001  -0.847612E-001
  0.673108   0.733674E+000  -0.894325E-002   0.149701E-001  -0.923627E-001
  0.852257   0.619418E+000  -0.112604E-001   0.137483E-001  -0.879915E-001
  1.043245   0.505841E+000  -0.125124E-001   0.111084E-001  -0.740838E-001
  1.252700   0.401885E+000  -0.126490E-001   0.801899E-002  -0.554429E-001
  1.487437   0.314029E+000  -0.119442E-001   0.540355E-002  -0.381447E-001
  1.744733   0.245734E+000  -0.108473E-001   0.350362E-002  -0.255360E-001
  2.000395   0.198861E+000  -0.100764E-001   0.217200E-002  -0.168058E-001
  2.232273   0.169421E+000  -0.985060E-002   0.144409E-002  -0.116221E-001
  2.439346   0.149650E+000  -0.960936E-002   0.107756E-002  -0.904039E-002
  2.628266   0.134867E+000  -0.916759E-002   0.829246E-003  -0.746245E-002
  2.805257   0.123221E+000  -0.871337E-002   0.651708E-003  -0.623102E-002
  2.975101   0.113716E+000  -0.832275E-002   0.556594E-003  -0.540184E-002
  3.141592   0.105481E+000  -0.788500E-002   0.524746E-003  -0.502318E-002
  3.308066   0.978117E-001  -0.731798E-002   0.519462E-003  -0.490374E-002
  3.477856   0.902617E-001  -0.673525E-002   0.525366E-003  -0.481619E-002
  3.654750   0.825228E-001  -0.639002E-002   0.553850E-003  -0.474220E-002
  3.843522   0.742140E-001  -0.644079E-002   0.606354E-003  -0.483203E-002
  4.050379   0.649327E-001  -0.674170E-002   0.632761E-003  -0.503070E-002
  4.281964   0.548945E-001  -0.687183E-002   0.553298E-003  -0.478620E-002
  4.537404   0.457053E-001  -0.641977E-002   0.377561E-003  -0.367187E-002
  4.794884   0.391366E-001  -0.542362E-002   0.231473E-003  -0.237900E-002
  5.029921   0.349548E-001  -0.453369E-002   0.158403E-003  -0.158182E-002
  5.239598   0.321986E-001  -0.423583E-002   0.119821E-003  -0.116073E-002
  5.430736   0.303532E-001  -0.450513E-002   0.927829E-004  -0.912586E-003
  5.609980   0.291886E-001  -0.508759E-002   0.720044E-004  -0.755892E-003
  5.782160   0.285751E-001  -0.570744E-002   0.570404E-004  -0.665794E-003
  5.950542   0.284172E-001  -0.613587E-002   0.476170E-004  -0.629956E-003
  6.117172   0.286253E-001  -0.621549E-002   0.426289E-004  -0.634390E-003
  6.283185   0.290964E-001  -0.588138E-002   0.402111E-004  -0.662808E-003
  6.449196   0.297060E-001  -0.517360E-002   0.382178E-004  -0.702103E-003
  6.615814   0.303092E-001  -0.422302E-002   0.348193E-004  -0.748967E-003
  6.784168   0.307448E-001  -0.321138E-002   0.289033E-004  -0.813175E-003
  6.956293   0.308290E-001  -0.232909E-002   0.201462E-004  -0.916318E-003
  7.135442   0.303304E-001  -0.174836E-002   0.890494E-005  -0.108719E-002
  7.326430   0.289290E-001  -0.160184E-002  -0.381984E-005  -0.135203E-002
  7.535885   0.261915E-001  -0.192863E-002  -0.162031E-004  -0.170855E-002
  7.770622   0.217107E-001  -0.253905E-002  -0.253406E-004  -0.206420E-002
  8.027918   0.157950E-001  -0.290616E-002  -0.280861E-004  -0.218608E-002
  8.283580   0.101094E-001  -0.263215E-002  -0.245641E-004  -0.192286E-002
  8.515458   0.600951E-002  -0.198659E-002  -0.185873E-004  -0.145524E-002
  8.722531   0.345002E-002  -0.134710E-002  -0.129734E-004  -0.100314E-002
  8.911452   0.193605E-002  -0.854692E-003  -0.859029E-005  -0.650413E-003
  9.088443   0.106172E-002  -0.515684E-003  -0.544694E-005  -0.401846E-003
  9.258286   0.565994E-003  -0.297114E-003  -0.331017E-005  -0.237278E-003
  9.424778   0.290929E-003  -0.163056E-003  -0.192027E-005  -0.133513E-003
  9.591252   0.142610E-003  -0.846056E-004  -0.105495E-005  -0.710612E-004
  9.761041   0.656755E-004  -0.409903E-004  -0.542058E-006  -0.353373E-004
  9.937936   0.278272E-004  -0.181919E-004  -0.255686E-006  -0.161128E-004
 10.126707   0.105284E-004  -0.718791E-005  -0.107693E-006  -0.655048E-005
 10.333564   0.341158E-005  -0.242771E-005  -0.389320E-007  -0.228116E-005
 10.565149   0.904095E-006  -0.669620E-006  -0.115482E-007  -0.650413E-006
 10.820589   0.197160E-006  -0.151591E-006  -0.281788E-008  -0.152453E-006
 11.078070   0.413723E-007  -0.328287E-007  -0.653882E-009  -0.341106E-007
 11.313107   0.100321E-007  -0.815496E-008  -0.171945E-009  -0.870862E-008
 11.522783   0.290248E-008  -0.240326E-008  -0.530569E-010  -0.262474E-008
 11.713921   0.958392E-009  -0.805309E-009  -0.184755E-010  -0.896421E-009
 11.893165   0.343936E-009  -0.292595E-009  -0.694176E-011  -0.331219E-009
 12.065345   0.129109E-009  -0.111035E-009  -0.271574E-011  -0.127645E-009
 12.233727   0.493190E-010  -0.428351E-010  -0.107798E-011  -0.499662E-010
 12.400357   0.188225E-010  -0.164983E-010  -0.426662E-012  -0.195177E-010
 12.566371   0.709805E-011  -0.627556E-011  -0.166631E-012  -0.752687E-011
 12.732381   0.262675E-011  -0.234152E-011  -0.637946E-013  -0.284671E-011
 12.899000   0.946887E-012  -0.850739E-012  -0.237726E-013  -0.104829E-011
 13.067353   0.328100E-012  -0.297045E-012  -0.851226E-014  -0.370997E-012
 13.239478   0.106691E-012  -0.973259E-013  -0.286126E-014  -0.123249E-012
 13.418627   0.313047E-013  -0.287775E-013  -0.868904E-015  -0.369777E-013
 13.609615   0.780206E-014  -0.723046E-014  -0.224700E-015  -0.943979E-014
 13.819071   0.151203E-014  -0.141363E-014  -0.453723E-016  -0.187914E-014
 14.053808   0.204836E-015  -0.193382E-015  -0.644080E-017  -0.262502E-015
 14.311103   0.189297E-016  -0.180586E-016  -0.626723E-018  -0.250995E-016
 14.566765   0.149607E-017  -0.144146E-017  -0.521068E-019  -0.205170E-017
 14.798643   0.133045E-018  -0.129284E-018  -0.484602E-020  -0.188013E-018
 15.005717   0.142309E-019  -0.139279E-019  -0.538773E-021  -0.206415E-019
 15.194637   0.176026E-020  -0.173340E-020  -0.689506E-022  -0.261286E-020
 15.371628   0.238803E-021  -0.236444E-021  -0.964713E-023  -0.362008E-021
 15.541471   0.339197E-022  -0.337518E-022  -0.141016E-023  -0.524411E-022
 15.707963   0.484451E-023  -0.484292E-023  -0.206975E-024  -0.763198E-023
 15.874437   0.669444E-024  -0.672188E-024  -0.293698E-025  -0.107419E-023
 16.044227   0.858923E-025  -0.866161E-025  -0.386872E-026  -0.140370E-024
 16.221121   0.974090E-026  -0.986506E-026  -0.450598E-027  -0.162187E-025
 16.409892   0.916466E-027  -0.932188E-027  -0.435817E-028  -0.155587E-026
 16.616749   0.659312E-028  -0.673652E-028  -0.322847E-029  -0.114273E-027
 16.848335   0.334818E-029  -0.343721E-029  -0.169189E-030  -0.593445E-029
 17.103774   0.125141E-030  -0.129089E-030  -0.653434E-032  -0.227078E-030
 17.361255   0.484482E-032  -0.501959E-032  -0.260853E-033  -0.898788E-032
 17.596292   0.276237E-033  -0.287233E-033  -0.152602E-034  -0.522108E-033
 17.805969   0.238406E-034  -0.248613E-034  -0.134508E-035  -0.457584E-034
 17.997106   0.278035E-035  -0.290638E-035  -0.159692E-036  -0.540671E-035
 18.176350   0.392774E-036  -0.411441E-036  -0.229180E-037  -0.772704E-036
 18.348531   0.619851E-037  -0.650547E-037  -0.366953E-038  -0.123253E-036
 18.516912   0.103317E-037  -0.108627E-037  -0.620074E-039  -0.207532E-037
 18.683543   0.175393E-038  -0.184720E-038  -0.106667E-039  -0.355786E-038
 18.849556   0.296842E-039  -0.313140E-039  -0.182878E-040  -0.607974E-039
 19.015566   0.494420E-040  -0.522400E-040  -0.308511E-041  -0.102233E-039
 19.182185   0.799695E-041  -0.846279E-041  -0.505357E-042  -0.166931E-040
 19.350538   0.122725E-041  -0.130077E-041  -0.785478E-043  -0.258640E-041
 19.522664   0.171520E-042  -0.182082E-042  -0.111220E-043  -0.365045E-042
 19.701813   0.204391E-043  -0.217335E-043  -0.134371E-044  -0.439550E-043
 19.892801   0.188001E-044  -0.200262E-044  -0.125468E-045  -0.408935E-044
 20.102256   0.115763E-045  -0.123557E-045  -0.785857E-047  -0.255090E-045
 20.336993   0.404323E-047  -0.432526E-047  -0.279970E-048  -0.904544E-047
 20.594289   0.784254E-049  -0.841066E-049  -0.555347E-050  -0.178494E-048
 20.849950   0.124411E-050  -0.133754E-050  -0.901088E-052  -0.288131E-050
 21.081829   0.251599E-052  -0.271086E-052  -0.185984E-053  -0.591984E-052
 21.288902   0.712853E-054  -0.769518E-054  -0.536505E-055  -0.170091E-053
 21.477822   0.262802E-055  -0.284165E-055  -0.201003E-056  -0.635015E-055
 21.654813   0.115110E-056  -0.124656E-056  -0.893574E-058  -0.281402E-056
 21.824657   0.554606E-058  -0.601439E-058  -0.436594E-059  -0.137083E-057
 21.991148   0.275379E-059  -0.299032E-059  -0.219728E-060  -0.687954E-059
 22.157622   0.132677E-060  -0.144259E-060  -0.107280E-061  -0.334962E-060
 22.327412   0.582570E-062  -0.634239E-062  -0.477388E-063  -0.148647E-061
 22.504306   0.216683E-063  -0.236207E-063  -0.180011E-064  -0.558956E-063
 22.693078   0.622385E-065  -0.679372E-065  -0.524538E-066  -0.162408E-064
 22.899935   0.122814E-066  -0.134249E-066  -0.105118E-067  -0.324474E-066
 23.131520   0.148974E-068  -0.163092E-068  -0.129673E-069  -0.398964E-068
 23.386959   0.119195E-070  -0.130696E-070  -0.105618E-071  -0.323847E-070
 23.644440   0.104128E-072  -0.114342E-072  -0.938406E-074  -0.286821E-072
 23.879477   0.164464E-074  -0.180817E-074  -0.150359E-075  -0.458347E-074
 24.089154   0.482769E-076  -0.531300E-076  -0.446652E-077  -0.135859E-075
 24.280292   0.221726E-077  -0.244220E-077  -0.207236E-078  -0.629195E-077
 24.459536   0.135524E-078  -0.149383E-078  -0.127820E-079  -0.387450E-078
 24.631716   0.979287E-080  -0.108016E-079  -0.931383E-081  -0.281902E-079
 24.800098   0.771213E-081  -0.851195E-081  -0.739356E-082  -0.223468E-080
 24.966728   0.628187E-082  -0.693760E-082  -0.606920E-083  -0.183192E-081
 25.132741   0.513309E-083  -0.567229E-083  -0.499725E-084  -0.150637E-082
 25.298751   0.413124E-084  -0.456788E-084  -0.405241E-085  -0.121997E-083
 25.465370   0.321412E-085  -0.355589E-085  -0.317666E-086  -0.955099E-085
 25.633724   0.234053E-086  -0.259091E-086  -0.233095E-087  -0.699924E-086
 25.805849   0.150740E-087  -0.166965E-087  -0.151308E-088  -0.453739E-087
 25.984998   0.784329E-089  -0.869289E-089  -0.793874E-090  -0.237736E-088
 26.175986   0.287815E-090  -0.319208E-090  -0.294000E-091  -0.879093E-090
 26.385441   0.614120E-092  -0.681623E-092  -0.633915E-093  -0.189225E-091
 26.620178   0.610442E-094  -0.678137E-094  -0.637893E-095  -0.190037E-093
 26.877474   0.277153E-096  -0.308192E-096  -0.293694E-097  -0.873015E-096
 27.133136   0.982291E-099  -0.109338E-098  -0.105583E-099  -0.313152E-098
 27.365014   0.496518E-101  -0.553157E-101  -0.540657E-102  -0.160036E-100
 27.572087   0.404256E-103  -0.450717E-103  -0.445294E-104  -0.131578E-102
 27.761008   0.477168E-105  -0.532374E-105  -0.531105E-106  -0.156690E-104
 27.937999   0.719938E-107  -0.803734E-107  -0.809075E-108  -0.238358E-106
 28.107842   0.124939E-108  -0.139563E-108  -0.141698E-109  -0.416893E-108
 28.274333   0.228319E-110  -0.255187E-110  -0.261250E-111  -0.767644E-110
