 nmodes=            1  nfields=            2  max_plot=          289
 ky=   8.8184770778656357E-003   width=    1.039983340274885     
 theta     ((Re(field_i), Im(field_i),i=(1,nfields)),j=1,nmodes)
Tearing metric:  [   0.575794E-003   0.199805E+001   0.199765E+001   0.331411E-002 ]
DEP: [   0.815468E-005   0.000000E+000   0.000000E+000   0.000000E+000]
chi_th: [  -0.756814E+000   0.000000E+000   0.000000E+000   0.000000E+000]
chi_i: [  -0.296552E+001   0.000000E+000   0.000000E+000   0.000000E+000]
chi_i_cond: [  -0.122003E+001   0.000000E+000   0.000000E+000   0.000000E+000]
chi_e: [   0.123620E+000   0.000000E+000   0.000000E+000   0.000000E+000]
chi_e_cond: [  -0.330569E+000   0.000000E+000   0.000000E+000   0.000000E+000]
i_QL_cond_flux: [  -0.112266E-005   0.000000E+000   0.000000E+000   0.000000E+000]
e_QL_cond_flux: [  -0.330569E-006   0.000000E+000   0.000000E+000   0.000000E+000]
QL_ratio: [   0.403712E+003             NaN             NaN             NaN]
EP QL convective fraction: [   0.547651E+000             NaN             NaN             NaN]
<theta^2>: [   0.161345E+001   0.348696E+002   0.356931E+002   0.375082E+002]
 Mode kept T/F for each mode:    T  F  F  F
 Theta      Re(phi)        Im(phi)        Re(B_per)        Im(B_per)
-28.274326  -0.131156E-131  -0.349624E-132   0.271497E-132  -0.832393E-132
-28.112623  -0.936736E-130  -0.249797E-130   0.192684E-130  -0.590561E-130
-27.947551  -0.769761E-128  -0.205349E-128   0.157293E-128  -0.481920E-128
-27.775057  -0.882058E-126  -0.235406E-126   0.178942E-126  -0.548036E-126
-27.589521  -0.180715E-123  -0.482537E-124   0.363606E-124  -0.111309E-123
-27.382137  -0.939942E-121  -0.251129E-121   0.187262E-121  -0.572941E-121
-27.138854  -0.197893E-117  -0.529128E-118   0.389412E-118  -0.119059E-117
-26.849971  -0.174507E-113  -0.467049E-114   0.338243E-114  -0.103323E-113
-26.561100  -0.704018E-110  -0.188600E-110   0.134529E-110  -0.410592E-110
-26.321363  -0.228459E-107  -0.612440E-108   0.432133E-108  -0.131808E-107
-26.120034  -0.119753E-105  -0.321183E-106   0.224912E-106  -0.685712E-106
-25.940975  -0.224870E-104  -0.603336E-105   0.420092E-105  -0.128034E-104
-25.774074  -0.248808E-103  -0.667768E-104   0.462765E-104  -0.141000E-103
-25.612977  -0.221219E-102  -0.593893E-103   0.409790E-103  -0.124827E-102
-25.453592  -0.191129E-101  -0.513260E-102   0.352628E-102  -0.107386E-101
-25.293657  -0.175674E-100  -0.471900E-101   0.322763E-101  -0.982643E-101
-25.132741  -0.171233E-099  -0.460112E-100   0.313243E-100  -0.953387E-100
-24.971809  -0.165210E-098  -0.444071E-099   0.300914E-099  -0.915597E-099
-24.811847  -0.147433E-097  -0.396409E-098   0.267398E-098  -0.813385E-098
-24.652468  -0.121459E-096  -0.326672E-097   0.219384E-097  -0.667146E-097
-24.491455  -0.100931E-095  -0.271545E-096   0.181546E-096  -0.551923E-096
-24.324758  -0.101314E-094  -0.272671E-095   0.181401E-095  -0.551308E-095
-24.146084  -0.163441E-093  -0.440062E-094   0.291006E-094  -0.884069E-094
-23.945410  -0.659221E-092  -0.177598E-092   0.116492E-092  -0.353713E-092
-23.706748  -0.130610E-089  -0.352175E-090   0.228279E-090  -0.692589E-090
-23.418971  -0.214030E-086  -0.577843E-087   0.368198E-087  -0.111579E-086
-23.129081  -0.575260E-083  -0.155537E-083   0.972442E-084  -0.294297E-083
-22.884782  -0.366573E-080  -0.992387E-081   0.610547E-081  -0.184559E-080
-22.676756  -0.623492E-078  -0.168972E-078   0.102593E-078  -0.309818E-078
-22.490821  -0.447354E-076  -0.121350E-076   0.728520E-077  -0.219817E-076
-22.318086  -0.187058E-074  -0.507846E-075   0.301826E-075  -0.909997E-075
-22.152884  -0.566880E-073  -0.154026E-073   0.906847E-074  -0.273211E-073
-21.991140  -0.146066E-071  -0.397186E-072   0.231722E-072  -0.697617E-072
-21.829438  -0.365282E-070  -0.994089E-071   0.574634E-071  -0.172869E-070
-21.664365  -0.100706E-068  -0.274302E-069   0.157029E-069  -0.472024E-069
-21.491872  -0.353141E-067  -0.962800E-068   0.545346E-068  -0.163784E-067
-21.306336  -0.189184E-065  -0.516368E-066   0.288935E-066  -0.866867E-066
-21.098952  -0.200026E-063  -0.546714E-064   0.301456E-064  -0.903285E-064
-20.855669  -0.584234E-061  -0.159968E-061   0.865862E-062  -0.259022E-061
-20.566786  -0.475074E-058  -0.130375E-058   0.689729E-059  -0.205901E-058
-20.277915  -0.208752E-055  -0.574159E-056   0.297207E-056  -0.885410E-056
-20.038177  -0.141348E-053  -0.389413E-054   0.198434E-054  -0.590253E-054
-19.836848  -0.250536E-052  -0.691041E-053   0.348277E-053  -0.103483E-052
-19.657790  -0.209446E-051  -0.578226E-052   0.289007E-052  -0.858005E-052
-19.490889  -0.118914E-050  -0.328540E-051   0.163079E-051  -0.483809E-051
-19.329792  -0.574670E-050  -0.158884E-050   0.783664E-051  -0.232339E-050
-19.170406  -0.271228E-049  -0.750422E-050   0.367787E-050  -0.108969E-049
-19.010472  -0.133423E-048  -0.369424E-049   0.179865E-049  -0.532537E-049
-18.849556  -0.682304E-048  -0.189066E-048   0.914220E-049  -0.270482E-048
-18.688624  -0.345193E-047  -0.957293E-048   0.459699E-048  -0.135906E-047
-18.528662  -0.164615E-046  -0.456872E-047   0.217912E-047  -0.643768E-047
-18.369283  -0.739165E-046  -0.205307E-046   0.972793E-047  -0.287181E-046
-18.208270  -0.332913E-045  -0.925418E-046   0.435550E-046  -0.128485E-045
-18.041573  -0.170868E-044  -0.475393E-045   0.222092E-045  -0.654620E-045
-17.862898  -0.122147E-043  -0.340213E-044   0.157504E-044  -0.463771E-044
-17.662224  -0.165481E-042  -0.461607E-043   0.211091E-043  -0.620684E-043
-17.423562  -0.676105E-041  -0.189026E-041   0.848905E-042  -0.249081E-041
-17.135786  -0.117116E-038  -0.328549E-039   0.143707E-039  -0.420319E-039
-16.845896  -0.272052E-036  -0.766221E-037   0.325358E-037  -0.948088E-037
-16.601596  -0.224519E-034  -0.634577E-035   0.262676E-035  -0.762899E-035
-16.393571  -0.730175E-033  -0.206998E-033   0.838899E-034  -0.242954E-033
-16.207636  -0.129629E-031  -0.368463E-032   0.146626E-032  -0.423576E-032
-16.034901  -0.157508E-030  -0.448807E-031   0.175681E-031  -0.506337E-031
-15.869699  -0.152265E-029  -0.434885E-030   0.167616E-030  -0.482015E-030
-15.707955  -0.130534E-028  -0.373692E-029   0.141862E-029  -0.407048E-029
-15.546252  -0.108386E-027  -0.311037E-028   0.116265E-028  -0.332834E-028
-15.381180  -0.947003E-027  -0.272475E-027   0.100195E-027  -0.286113E-027
-15.208686  -0.953486E-026  -0.275150E-026   0.993597E-027  -0.282927E-026
-15.023151  -0.123939E-024  -0.358906E-025   0.126906E-025  -0.360155E-025
-14.815767  -0.242823E-023  -0.706250E-024   0.243389E-024  -0.687824E-024
-14.572484  -0.871875E-022  -0.255055E-022   0.850438E-023  -0.238993E-022
-14.283601  -0.559544E-020  -0.164930E-020   0.527487E-021  -0.147146E-020
-13.994730  -0.229293E-018  -0.681071E-019   0.209125E-019  -0.578977E-019
-13.754992  -0.288371E-017  -0.861580E-018   0.256711E-018  -0.706618E-018
-13.553663  -0.158916E-016  -0.476831E-017   0.139054E-017  -0.381133E-017
-13.374605  -0.554448E-016  -0.166916E-016   0.478836E-017  -0.130811E-016
-13.207703  -0.152949E-015  -0.461750E-016   0.130650E-016  -0.355909E-016
-13.046606  -0.381808E-015  -0.115572E-015   0.322842E-016  -0.877136E-016
-12.887221  -0.934950E-015  -0.283768E-015   0.782519E-016  -0.212029E-015
-12.727286  -0.233117E-014  -0.709559E-015   0.193032E-015  -0.521524E-015
-12.566371  -0.590594E-014  -0.180309E-014   0.483584E-015  -0.130252E-014
-12.405439  -0.147750E-013  -0.452489E-014   0.119607E-014  -0.321140E-014
-12.245477  -0.355224E-013  -0.109128E-013   0.284352E-014  -0.761048E-014
-12.086098  -0.820722E-013  -0.252913E-013   0.649757E-014  -0.173352E-013
-11.925084  -0.188793E-012  -0.583654E-013   0.147783E-013  -0.392978E-013
-11.758388  -0.463556E-012  -0.143828E-012   0.358315E-013  -0.949262E-013
-11.579713  -0.135160E-011  -0.421271E-012   0.102858E-012  -0.271213E-012
-11.379039  -0.548203E-011  -0.171956E-011   0.408327E-012  -0.106954E-011
-11.140377  -0.387747E-010  -0.122824E-010   0.279638E-011  -0.724920E-011
-10.852600  -0.543179E-009  -0.174716E-009   0.373098E-010  -0.951447E-010
-10.562711  -0.791732E-008  -0.259494E-008   0.513420E-009  -0.128259E-008
-10.318411  -0.631233E-007  -0.210570E-007   0.388474E-008  -0.951395E-008
-10.110386  -0.303643E-006  -0.102902E-006   0.178499E-007  -0.429271E-007
 -9.924451  -0.105774E-005  -0.363697E-006   0.596489E-007  -0.141011E-006
 -9.751716  -0.300340E-005  -0.104709E-005   0.162832E-006  -0.378546E-006
 -9.586513  -0.748435E-005  -0.264538E-005   0.390289E-006  -0.892022E-006
 -9.424770  -0.171888E-004  -0.616198E-005   0.861098E-006  -0.193300E-005
 -9.263067  -0.376767E-004  -0.137129E-004   0.180759E-005  -0.397800E-005
 -9.097995  -0.809946E-004  -0.299824E-004   0.370044E-005  -0.795899E-005
 -8.925501  -0.174701E-003  -0.659657E-004   0.752886E-005  -0.157462E-004
 -8.739965  -0.385367E-003  -0.149121E-003   0.154136E-004  -0.310797E-004
 -8.532581  -0.878816E-003  -0.351198E-003   0.316773E-004  -0.606348E-004
 -8.289298  -0.202970E-002  -0.848497E-003   0.621677E-004  -0.109521E-003
 -8.000415  -0.414016E-002  -0.184118E-002   0.956113E-004  -0.145565E-003
 -7.711544  -0.582049E-002  -0.275217E-002   0.866548E-004  -0.104645E-003
 -7.471807  -0.606308E-002  -0.297780E-002   0.518790E-004  -0.456179E-004
 -7.270478  -0.568508E-002  -0.283766E-002   0.247776E-004  -0.133396E-004
 -7.091419  -0.520828E-002  -0.260451E-002   0.915453E-005  -0.116616E-005
 -6.924518  -0.477242E-002  -0.236928E-002   0.132407E-005   0.104449E-005
 -6.763421  -0.439818E-002  -0.215394E-002  -0.154550E-005  -0.121246E-005
 -6.604036  -0.409234E-002  -0.196912E-002  -0.995391E-006  -0.485541E-005
 -6.444101  -0.387501E-002  -0.183350E-002   0.175738E-005  -0.725189E-005
 -6.283185  -0.377124E-002  -0.177087E-002   0.505401E-005  -0.600901E-005
 -6.122253  -0.378702E-002  -0.179307E-002   0.702123E-005  -0.356448E-006
 -5.962291  -0.390039E-002  -0.188938E-002   0.660712E-005   0.801668E-005
 -5.802912  -0.408056E-002  -0.203778E-002   0.399093E-005   0.162727E-004
 -5.641899  -0.431042E-002  -0.222303E-002   0.346278E-007   0.220011E-004
 -5.475203  -0.459357E-002  -0.244387E-002  -0.402352E-005   0.234282E-004
 -5.296528  -0.494551E-002  -0.271017E-002  -0.575096E-005   0.203417E-004
 -5.095854  -0.533275E-002  -0.304010E-002  -0.240062E-006   0.254449E-004
 -4.857192  -0.527718E-002  -0.347265E-002   0.110087E-004   0.109939E-003
 -4.569415  -0.276620E-002  -0.394082E-002  -0.112656E-004   0.319141E-003
 -4.279525   0.153288E-002  -0.411675E-002  -0.148907E-004   0.274149E-003
 -4.035226   0.431388E-002  -0.440573E-002   0.106258E-004   0.250920E-003
 -3.827200   0.676750E-002  -0.466666E-002  -0.746061E-005   0.276638E-003
 -3.641265   0.858878E-002  -0.471654E-002  -0.185623E-004   0.177765E-003
 -3.468530   0.949702E-002  -0.472039E-002  -0.647844E-005   0.862381E-004
 -3.303328   0.101351E-001  -0.479559E-002   0.287135E-005   0.111707E-003
 -3.141585   0.111373E-001  -0.490156E-002  -0.631042E-005   0.191513E-003
 -2.979882   0.124670E-001  -0.494493E-002  -0.222776E-004   0.196737E-003
 -2.814809   0.135889E-001  -0.490774E-002  -0.233415E-004   0.114135E-003
 -2.642316   0.144633E-001  -0.488703E-002  -0.126472E-004   0.136580E-003
 -2.456780   0.166294E-001  -0.493484E-002  -0.318561E-004   0.419288E-003
 -2.249396   0.214790E-001  -0.476219E-002  -0.817983E-004   0.535055E-003
 -2.006113   0.273548E-001  -0.421928E-002  -0.835998E-004   0.705780E-003
 -1.717230   0.501328E-001  -0.362916E-002  -0.264378E-003   0.259675E-002
 -1.428359   0.867567E-001  -0.182202E-002  -0.403701E-003   0.410687E-002
 -1.188621   0.163090E+000  -0.126222E-002  -0.988075E-003   0.156244E-001
 -0.987293   0.301073E+000  -0.149476E-002  -0.189393E-002   0.301822E-001
 -0.808234   0.460617E+000  -0.156349E-002  -0.255639E-002   0.396079E-001
 -0.641333   0.615974E+000  -0.136419E-002  -0.282296E-002   0.427262E-001
 -0.480236   0.758585E+000  -0.986268E-003  -0.268933E-002   0.399936E-001
 -0.320850   0.880936E+000  -0.535747E-003  -0.214630E-002   0.315110E-001
 -0.160916   0.967876E+000  -0.153181E-003  -0.120643E-002   0.175697E-001
  0.000000   0.100000E+001   0.228654E-016   0.703635E-006  -0.839621E-005
  0.160932   0.967811E+000  -0.154486E-003   0.120785E-002  -0.175868E-001
  0.320894   0.880796E+000  -0.538223E-003   0.214761E-002  -0.315270E-001
  0.480273   0.758399E+000  -0.989524E-003   0.269020E-002  -0.400039E-001
  0.641286   0.615834E+000  -0.136778E-002   0.282338E-002  -0.427303E-001
  0.807983   0.460663E+000  -0.156734E-002   0.255708E-002  -0.396158E-001
  0.986657   0.301441E+000  -0.149962E-002   0.189648E-002  -0.302199E-001
  1.187332   0.163666E+000  -0.126710E-002   0.992979E-003  -0.157114E-001
  1.425994   0.871052E-001  -0.181189E-002   0.405450E-003  -0.415621E-002
  1.713770   0.505270E-001  -0.361547E-002   0.266882E-003  -0.260551E-002
  2.003660   0.274287E-001  -0.421568E-002   0.838565E-004  -0.717150E-003
  2.247959   0.215068E-001  -0.475967E-002   0.819693E-004  -0.533773E-003
  2.455985   0.166355E-001  -0.493513E-002   0.320351E-004  -0.420663E-003
  2.641920   0.144565E-001  -0.488747E-002   0.126313E-004  -0.136871E-003
  2.814655   0.135810E-001  -0.490805E-002   0.233275E-004  -0.114000E-003
  2.979857   0.124592E-001  -0.494506E-002   0.222706E-004  -0.196719E-003
  3.141601   0.111294E-001  -0.490153E-002   0.630088E-005  -0.191514E-003
  3.303303   0.101272E-001  -0.479569E-002  -0.287407E-005  -0.111694E-003
  3.468376   0.948949E-002  -0.472069E-002   0.646268E-005  -0.861370E-004
  3.640870   0.858427E-002  -0.471674E-002   0.185481E-004  -0.177410E-003
  3.826405   0.677057E-002  -0.466721E-002   0.755032E-005  -0.276471E-003
  4.033789   0.432409E-002  -0.440802E-002  -0.106285E-004  -0.251346E-003
  4.277072   0.155960E-002  -0.411858E-002   0.145399E-004  -0.272782E-003
  4.565955  -0.271847E-002  -0.394439E-002   0.117065E-004  -0.320408E-003
  4.854826  -0.526963E-002  -0.347735E-002  -0.110463E-004  -0.111426E-003
  5.094564  -0.533519E-002  -0.304279E-002   0.178349E-006  -0.255945E-004
  5.295893  -0.494714E-002  -0.271153E-002   0.575043E-005  -0.203425E-004
  5.474951  -0.459402E-002  -0.244440E-002   0.402695E-005  -0.234323E-004
  5.641853  -0.431017E-002  -0.222310E-002  -0.375183E-007  -0.219982E-004
  5.802950  -0.407999E-002  -0.203765E-002  -0.399606E-005  -0.162606E-004
  5.962335  -0.389974E-002  -0.188922E-002  -0.661041E-005  -0.800226E-005
  6.122270  -0.378646E-002  -0.179298E-002  -0.702137E-005   0.366599E-006
  6.283185  -0.377088E-002  -0.177089E-002  -0.505120E-005   0.601284E-005
  6.444117  -0.387495E-002  -0.183367E-002  -0.175212E-005   0.724947E-005
  6.604079  -0.409261E-002  -0.196948E-002   0.100109E-005   0.484821E-005
  6.763458  -0.439866E-002  -0.215442E-002   0.154823E-005   0.120522E-005
  6.924472  -0.477278E-002  -0.236970E-002  -0.132476E-005  -0.104612E-005
  7.091168  -0.520794E-002  -0.260459E-002  -0.914829E-005   0.116609E-005
  7.269843  -0.568337E-002  -0.283717E-002  -0.247269E-004   0.132962E-004
  7.470517  -0.606086E-002  -0.297751E-002  -0.517082E-004   0.453811E-004
  7.709179  -0.582651E-002  -0.275664E-002  -0.864146E-004   0.104106E-003
  7.996956  -0.416432E-002  -0.185353E-002  -0.958632E-004   0.145630E-003
  8.286845  -0.204428E-002  -0.855065E-003  -0.625620E-004   0.110096E-003
  8.531145  -0.883052E-003  -0.352971E-003  -0.318449E-004   0.609261E-004
  8.739170  -0.386286E-003  -0.149482E-003  -0.154666E-004   0.311792E-004
  8.925105  -0.174809E-003  -0.660013E-004  -0.754358E-005   0.157749E-004
  9.097840  -0.809513E-004  -0.299617E-004  -0.370396E-005   0.796588E-005
  9.263042  -0.376312E-004  -0.136935E-004  -0.180826E-005   0.397918E-005
  9.424786  -0.171635E-004  -0.615141E-005  -0.861234E-006   0.193318E-005
  9.586489  -0.747463E-005  -0.264121E-005  -0.390429E-006   0.892279E-006
  9.751561  -0.300174E-005  -0.104620E-005  -0.163014E-006   0.378936E-006
  9.924055  -0.105892E-005  -0.363983E-006  -0.598139E-007   0.141386E-006
 10.109590  -0.304982E-006  -0.103321E-006  -0.179574E-007   0.431793E-007
 10.316975  -0.638019E-007  -0.212762E-007  -0.393243E-008   0.962882E-008
 10.560258  -0.809138E-008  -0.265110E-008  -0.525421E-009   0.131221E-008
 10.849140  -0.560501E-009  -0.180219E-009  -0.385507E-010   0.982800E-010
 11.138012  -0.395579E-010  -0.125237E-010  -0.285765E-011   0.740660E-011
 11.377749  -0.552750E-011  -0.173269E-011  -0.412513E-012   0.108037E-011
 11.579078  -0.135451E-011  -0.421874E-012  -0.103293E-012   0.272337E-012
 11.758137  -0.463253E-012  -0.143626E-012  -0.358848E-013   0.950605E-013
 11.925038  -0.188445E-012  -0.582124E-013  -0.147831E-013   0.393081E-013
 12.086135  -0.818863E-013  -0.252139E-013  -0.649712E-014   0.173329E-013
 12.245520  -0.354414E-013  -0.108790E-013  -0.284332E-014   0.760946E-014
 12.405455  -0.147433E-013  -0.451144E-014  -0.119618E-014   0.321148E-014
 12.566371  -0.589365E-014  -0.179781E-014  -0.483664E-015   0.130265E-014
 12.727303  -0.232608E-014  -0.707394E-015  -0.193047E-015   0.521534E-015
 12.887265  -0.932727E-015  -0.282842E-015  -0.782448E-016   0.211996E-015
 13.046644  -0.380890E-015  -0.115190E-015  -0.322809E-016   0.876993E-016
 13.207657  -0.152646E-015  -0.460409E-016  -0.130693E-016   0.356004E-016
 13.374353  -0.554081E-016  -0.166649E-016  -0.479632E-017   0.131020E-016
 13.553028  -0.159338E-016  -0.477644E-017  -0.139746E-017   0.383002E-017
 13.753702  -0.291387E-017  -0.869755E-018  -0.259985E-018   0.715564E-018
 13.992364  -0.235525E-018  -0.698908E-019  -0.215276E-019   0.595933E-019
 14.280141  -0.586179E-020  -0.172609E-020  -0.553749E-021   0.154448E-020
 14.570031  -0.904065E-022  -0.264184E-022  -0.883838E-023   0.248349E-022
 14.814330  -0.247718E-023  -0.719646E-024  -0.248909E-024   0.703359E-024
 15.022355  -0.125096E-024  -0.361810E-025  -0.128423E-025   0.364434E-025
 15.208290  -0.956365E-026  -0.275630E-026  -0.999267E-027   0.284524E-026
 15.381026  -0.946485E-027  -0.271970E-027  -0.100414E-027   0.286723E-027
 15.546228  -0.108127E-027  -0.309879E-028  -0.116310E-028   0.332944E-028
 15.707971  -0.130145E-028  -0.372069E-029  -0.141836E-029   0.406953E-029
 15.869674  -0.151893E-029  -0.433219E-030  -0.167681E-030   0.482177E-030
 16.034747  -0.157422E-030  -0.447925E-031  -0.176087E-031   0.507479E-031
 16.207240  -0.130065E-031  -0.369172E-032  -0.147542E-032   0.426199E-032
 16.392776  -0.738005E-033  -0.208911E-033  -0.850331E-034   0.246249E-033
 16.600160  -0.229952E-034  -0.648961E-035  -0.269800E-035   0.783533E-035
 16.843443  -0.284825E-036  -0.800969E-037  -0.341590E-037   0.995303E-037
 17.132326  -0.124734E-038  -0.349369E-039  -0.153485E-039   0.448876E-039
 17.421197  -0.702916E-041  -0.196198E-041  -0.885209E-042   0.259715E-041
 17.660935  -0.168146E-042  -0.468244E-043  -0.215164E-043   0.632624E-043
 17.862263  -0.122691E-043  -0.341135E-044  -0.158714E-044   0.467310E-044
 18.041322  -0.170742E-044  -0.474210E-045  -0.222653E-045   0.656242E-045
 18.208223  -0.331949E-045  -0.921103E-046  -0.435717E-046   0.128528E-045
 18.369320  -0.736480E-046  -0.204196E-046  -0.972467E-047   0.287072E-046
 18.528705  -0.164015E-046  -0.454388E-047  -0.217840E-047   0.643526E-047
 18.688640  -0.344029E-047  -0.952333E-048  -0.459679E-048   0.135894E-047
 18.849556  -0.680087E-048  -0.188107E-048  -0.914312E-049   0.270497E-048
 19.010488  -0.132967E-048  -0.367485E-049  -0.179856E-049   0.532489E-049
 19.170450  -0.270216E-049  -0.746234E-050  -0.367660E-050   0.108926E-049
 19.329829  -0.572511E-050  -0.157991E-050  -0.783384E-051   0.232245E-050
 19.490842  -0.118554E-050  -0.326929E-051  -0.163143E-051   0.483978E-051
 19.657539  -0.209289E-051  -0.576694E-052  -0.289783E-052   0.860271E-052
 19.836213  -0.251757E-052  -0.693079E-053  -0.351179E-053   0.104341E-052
 20.036888  -0.143887E-053  -0.395639E-054  -0.202691E-054   0.602883E-054
 20.275550  -0.218296E-055  -0.599232E-056  -0.311848E-056   0.928970E-056
 20.563326  -0.512529E-058  -0.140372E-058  -0.746605E-059   0.222865E-058
 20.853216  -0.619236E-061  -0.169203E-061  -0.920938E-062   0.275482E-061
 21.097515  -0.206475E-063  -0.563145E-064  -0.312303E-064   0.935740E-064
 21.305541  -0.191997E-065  -0.522916E-066  -0.294324E-066   0.882994E-066
 21.491476  -0.354887E-067  -0.965442E-068  -0.550119E-068   0.165211E-067
 21.664211  -0.100648E-068  -0.273536E-069  -0.157541E-069   0.473544E-069
 21.829413  -0.364046E-070  -0.988504E-071  -0.574910E-071   0.172946E-070
 21.991157  -0.145442E-071  -0.394594E-072  -0.231635E-072   0.697328E-072
 22.152859  -0.564931E-073  -0.153145E-073  -0.907288E-074   0.273333E-073
 22.317932  -0.186949E-074  -0.506377E-075  -0.302845E-075   0.913034E-075
 22.490426  -0.449707E-076  -0.121703E-076  -0.735267E-077   0.221844E-076
 22.675961  -0.633563E-078  -0.171296E-078  -0.104666E-078   0.316066E-078
 22.883345  -0.379768E-080  -0.102565E-080  -0.635050E-081   0.191957E-080
 23.126628  -0.615156E-083  -0.165919E-083  -0.104402E-083   0.315945E-083
 23.415511  -0.234443E-086  -0.631386E-087  -0.404929E-087   0.122704E-086
 23.704382  -0.138105E-089  -0.371440E-090  -0.242379E-090   0.735335E-090
 23.944120  -0.674490E-092  -0.181244E-092  -0.119698E-092   0.363433E-092
 24.145449  -0.164502E-093  -0.441767E-094  -0.294161E-094   0.893623E-094
 24.324507  -0.101227E-094  -0.271724E-095  -0.182036E-095   0.553219E-095
 24.491408  -0.100537E-095  -0.269774E-096  -0.181632E-096   0.552164E-096
 24.652505  -0.120860E-096  -0.324203E-097  -0.219265E-097   0.666761E-097
 24.811891  -0.146705E-097  -0.393404E-098  -0.267256E-098   0.812923E-098
 24.971825  -0.164459E-098  -0.440870E-099  -0.300876E-099   0.915450E-099
 25.132741  -0.170485E-099  -0.456873E-100  -0.313266E-100   0.953423E-100
 25.293673  -0.174869E-100  -0.468468E-101  -0.322721E-101   0.982483E-101
 25.453635  -0.190170E-101  -0.509300E-102  -0.352436E-102   0.107324E-101
 25.613014  -0.220102E-102  -0.589284E-103  -0.409560E-103   0.124752E-102
 25.774028  -0.247806E-103  -0.663260E-104  -0.462989E-104   0.141064E-103
 25.940724  -0.224673E-104  -0.601148E-105  -0.421629E-105   0.128498E-104
 26.119399  -0.120578E-105  -0.322501E-106  -0.227491E-106   0.693552E-106
 26.320073  -0.234155E-107  -0.625961E-108  -0.444922E-108   0.135704E-107
 26.558735  -0.748554E-110  -0.199966E-110  -0.143686E-110   0.438525E-110
 26.846511  -0.193510E-113  -0.516429E-114  -0.376773E-114   0.115088E-113
 27.136401  -0.214113E-117  -0.570829E-118  -0.423282E-118   0.129409E-117
 27.380701  -0.981043E-121  -0.261335E-121  -0.196379E-121   0.600814E-121
 27.588726  -0.184348E-123  -0.490762E-124  -0.372708E-124   0.114092E-123
 27.774661  -0.888000E-126  -0.236276E-126  -0.181030E-126   0.554411E-126
 27.947396  -0.769269E-128  -0.204592E-128  -0.157969E-128   0.483976E-128
 28.112598  -0.932648E-130  -0.247942E-130  -0.192798E-130   0.590892E-130
 28.274342  -0.130432E-131  -0.346616E-132  -0.271349E-132   0.831913E-132
